step,lap_time,x,y,yaw,velocity,steering_state,commanded_steering,commanded_speed,frame_consumed,inst_nav_reward,inst_frame_penalty,inst_adaptive_reward,cumulative_nav_reward,cumulative_adaptive_reward,progress,current_fps
0,0.10999999999999999,0.0,0.0,0.0,0.0,0.0,0,7,True,0.0,0.0,0.0,0.0,0.0,0.0002180957973937914,10
1,0.21000000000000005,0.04022730000000001,0.0,0.0,0.9224699999999999,0.0,0,7,True,0.0,0.0,0.0,0.0,0.0,0.00095023771772283,10
2,0.3100000000000001,0.17526929999999996,0.0,0.0,1.8734699999999995,0.0,-0.016121554374694824,5.713468700647354,True,0.16500052311584795,0.0,0.16500052311584795,0.16500052311584795,0.16500052311584795,0.0023000089996859344,10
3,0.4100000000000002,0.4054099257854897,-0.0006046420977472552,6.279332406899867,2.8244699999999994,0.0,-0.001248535141348839,5.844301491975784,True,0.17846458046466604,0.0,0.17846458046466604,0.34346510358051396,0.34346510358051396,0.004151901976540795,10
4,0.5100000000000002,0.7306336597912013,-0.00398088897676173,6.269843320933468,3.775469999999999,0.0,0.0281611829996109,5.944459497928619,True,0.1935765532919455,0.0,0.1935765532919455,0.5370416568724594,0.5370416568724594,0.006520313039505198,10
5,0.6100000000000003,1.148283495138997,-0.010281492206721076,6.269314024064701,4.604359872297763,0.0,0.03460858166217804,5.988947212696075,True,0.19593438471734886,0.0,0.19593438471734886,0.7329760415898083,0.7329760415898083,0.009273960654881985,10
6,0.7100000000000004,1.6348678319877497,-0.013491580179927428,0.010552394386173058,5.138314230670211,0.064,0.006205426529049873,5.9951571226119995,True,0.1894058992333023,0.0,0.1894058992333023,0.9223819408231106,0.9223819408231106,0.012235432216598549,10
7,0.8100000000000005,2.1647956092082357,-0.004194313725553615,0.04700848613574302,5.468748420875328,0.0,-0.015644463896751403,5.999635815620422,True,0.18747225565503817,0.0,0.18747225565503817,1.1098541964781488,1.1098541964781488,0.015379878867014677,10
8,0.9100000000000006,2.7213097895759915,0.016660416202604555,0.047066268307368,5.6734806396081625,0.0,-0.009282951802015304,5.9999964237213135,True,0.19122365452781795,0.0,0.19122365452781795,1.3010778510059666,1.3010778510059666,0.018617040052103788,10
9,1.0100000000000007,3.2944143766486342,0.03840344337462527,0.024118017430795308,5.799398680975246,0.0,-0.007304514199495316,5.999998360872269,True,0.19149918093392732,0.0,0.19149918093392732,1.4925770319398939,1.4925770319398939,0.0218781435271543,10
10,1.1100000000000008,3.877958496457041,0.05289579752151853,0.0023238414948618864,5.876758245261253,0.0,-0.0040952138602733616,5.999999403953552,True,0.19159005577968136,0.0,0.19159005577968136,1.6841670877195751,1.6841670877195751,0.025175231730353263,10
11,1.2100000000000009,4.467941748502308,0.05674200827004819,6.264369620997284,5.924285152300351,0.0,0.0021141681820154193,5.999999403953552,True,0.1920214604709592,0.0,0.1920214604709592,1.8761885481905343,1.8761885481905343,0.02849379199306234,10
12,1.310000000000001,5.06176722578304,0.050644888561997725,6.260232717168607,5.9534837109478,0.0,0.02538620233535767,6.0,True,0.1992579157058739,0.0,0.1992579157058739,2.0754464638964083,2.0754464638964083,0.031825523368152205,10
13,1.410000000000001,5.657949551057081,0.04339692504102212,0.0009744472028394568,5.971422323088793,0.0,0.037002989649772645,6.0,True,0.19246155545413643,0.0,0.19246155545413643,2.2679080193505445,2.2679080193505445,0.03519992903784853,10
14,1.5100000000000011,6.255612754367122,0.04498926552457217,0.039247714313881285,5.982443061682654,0.064,-0.02735131084918976,6.0,True,0.19966322914376397,0.0,0.19966322914376397,2.4675712484943086,2.4675712484943086,0.03878301958108167,10
15,1.6100000000000012,6.853788926294856,0.06614865949283116,0.08368149347347648,5.989213745958537,0.0,-0.11610398292541504,6.0,True,0.1892810283451716,0.0,0.1892810283451716,2.6568522768394804,2.6568522768394804,0.04195517216278128,10
16,1.7100000000000013,7.452090076385075,0.09744325185634266,0.03199792658773709,5.993373373298691,-0.128,-0.19662491083145142,6.0,True,0.17480905212647693,0.0,0.17480905212647693,2.8316613289659576,2.8316613289659576,0.04530974448467926,10
17,1.8100000000000014,8.05125015799881,0.09602967789439672,6.113861706816887,5.995928875653243,-0.192,0.020055955648422243,6.0,True,0.18059580878799308,0.0,0.18059580878799308,3.0122571377539504,3.0122571377539504,0.04871297545422766,10
18,1.9100000000000015,8.642870240746497,0.0029469005742135315,5.86527490874495,5.9974988702104675,0.0,0.12635905742645265,6.0,True,0.17420760319623613,0.0,0.17420760319623613,3.1864647409501865,3.1864647409501865,0.052072993348655346,10
19,2.010000000000001,9.216163606703391,-0.17263070625144064,5.8900738461451185,5.998463409689495,0.128,-0.01837281882762909,5.999976307153702,True,0.19214395442827858,0.0,0.19214395442827858,3.378608695378465,3.378608695378465,0.0554166727680425,10
20,2.109999999999999,9.784985363973341,-0.3630914101222528,6.027815209873837,5.999046845758289,0.0,0.032367128133773806,5.998491555452347,True,0.18388269822968878,0.0,0.18388269822968878,3.5624913936081537,3.5624913936081537,0.058726455371114226,10
21,2.209999999999997,10.360335950878827,-0.5326347528710008,6.057323530705453,5.99855889928297,0.064,0.006820116937160493,6.0,True,0.186056856815488,0.0,0.186056856815488,3.748548250423642,3.748548250423642,0.06212105950703649,10
22,2.3099999999999947,10.94329954883997,-0.6738945100944777,6.107188205647267,5.999114647545474,0.0,-0.025372356176376343,6.0,True,0.18370045155146272,0.0,0.18370045155146272,3.9322487019751047,3.9322487019751047,0.06550006646228831,10
23,2.4099999999999926,11.531201033969314,-0.7933356645444828,6.112503683684669,5.99945607620656,0.0,-0.04652068018913269,6.0,True,0.1635280021876521,0.0,0.1635280021876521,4.095776704162756,4.095776704162756,0.06887771285816133,10
24,2.5099999999999905,12.120261867431251,-0.9071363048653628,6.072300325050163,5.999665835801823,-0.064,-0.07566445469856263,5.9999915063381195,True,0.143990817724885,0.0,0.143990817724885,4.239767521887641,4.239767521887641,0.07215875805123924,10
25,2.6099999999999883,12.705622398876908,-1.038425889361913,5.98348064778638,5.999791427880542,-0.064,-0.05401032567024231,5.906706809997559,True,0.11696713762827064,0.0,0.11696713762827064,4.3567346595159115,4.3567346595159115,0.07545975544909901,10
26,2.709999999999986,13.275764208095989,-1.2079719936042943,5.876354882277858,5.917995814457415,-0.064,-0.04599409401416779,5.854155778884888,True,0.08815508491623322,0.0,0.08815508491623322,4.444889744432145,4.444889744432145,0.07873312927817631,10
27,2.809999999999984,13.823663618680179,-1.4219272071029259,5.800360320536846,5.861898094024448,-0.064,-0.05653202533721924,5.196973294019699,True,0.13178225996382598,0.0,0.13178225996382598,4.576672004395971,4.576672004395971,0.08181896235709459,10
28,2.909999999999982,14.319598914219602,-1.664771126463903,5.679493476451119,5.284767145075206,-0.064,-0.06837348937988282,5.567390978336334,True,0.0869357320646636,0.0,0.0869357320646636,4.6636077364606345,4.6636077364606345,0.0847855509134061,10
29,3.00999999999998,14.770508783229877,-1.949953117871092,5.596291502056541,5.3937586280583565,-0.064,-0.1416873335838318,5.3940043449401855,True,0.1018134474712688,0.0,0.1018134474712688,4.765421183931903,4.765421183931903,0.08776002874726484,10
30,3.1099999999999777,15.1921324850433,-2.285886989279902,5.475668967598036,5.393853386688708,-0.128,-0.12132934331893921,4.512659966945648,True,0.1886876440081683,0.0,0.1886876440081683,4.954108827940072,4.954108827940072,0.09038759077771066,10
31,3.2099999999999755,15.537712334533666,-2.6460767542089,5.197929898745188,4.6539419642055355,-0.128,-0.09730663895606995,6.0,True,0.03781841650151116,0.0,0.03781841650151116,4.991927244441583,4.991927244441583,0.09378350508795212,10
32,3.3099999999999734,15.794786338744863,-3.063241174120759,5.1099540901449165,5.173037823212849,-0.128,-0.2162022590637207,6.0,True,0.011791324311355128,0.0,0.011791324311355128,5.003718568752938,5.003718568752938,0.09697545834505222,10
33,3.4099999999999713,16.0062848711095,-3.552042422385031,4.996221482985105,5.491948769182962,-0.192,-0.14608945846557617,5.999999403953552,True,0.025209129986641016,0.0,0.025209129986641016,5.0289276987395795,5.0289276987395795,0.1002127829343072,10
34,3.509999999999969,16.154577784282473,-4.090259555500493,4.792930360151003,5.6878741852217996,-0.128,0.013656313717365266,6.0,True,0.028128076136519298,0.0,0.028128076136519298,5.0570557748760985,5.0570557748760985,0.10343369827687898,10
35,3.609999999999967,16.22291059821217,-4.660457281046097,4.671606343086556,5.808242857026517,0.0,0.013795293867588043,6.0,True,0.04853607323465134,0.0,0.04853607323465134,5.10559184811075,5.10559184811075,0.10669799282934596,10
36,3.709999999999965,16.24054754119395,-5.2445724144627714,4.698932921091564,5.882192371984732,0.0,-0.10960963964462281,6.0,True,0.03384192314949602,0.0,0.03384192314949602,5.139433771260246,5.139433771260246,0.11003194093208164,10
37,3.8099999999999627,16.240700937895113,-5.834996300583774,4.684835906235685,5.927623884026563,-0.128,-0.10413507223129273,6.0,True,0.05890203351829572,0.0,0.05890203351829572,5.198335804778542,5.198335804778542,0.11319358171189454,10
38,3.9099999999999606,16.209047131873024,-6.428120595329001,4.534769046219329,5.955535118976153,-0.128,0.1618531346321106,5.999999552965164,True,0.13148572735709138,0.0,0.13148572735709138,5.329821532135633,5.329821532135633,0.11670711123091888,10
39,4.009999999999959,16.117348136842438,-7.0171452415405495,4.409431733458215,5.972682450623837,0.128,0.29231107234954834,5.99998152256012,True,0.16184965780154786,0.0,0.16184965780154786,5.491671189937181,5.491671189937181,0.12002488942484196,10
40,4.109999999999957,16.00379372095781,-7.60395125326771,4.626234258764238,5.983210106059216,0.32000000000000006,0.25265369415283206,5.999999850988388,True,0.18570435097341365,0.0,0.18570435097341365,5.677375540910594,5.677375540910594,0.12264718461917623,10
41,4.209999999999955,15.981405833608225,-8.200728757239741,5.049866186599464,5.989684928715268,0.256,0.13618202209472657,5.99996691942215,True,0.18775966782763773,0.0,0.18775966782763773,5.865135208738232,5.865135208738232,0.12601616676037822,10
42,4.3099999999999525,16.127318089946307,-8.779497059161365,5.374505144155258,5.993650091179562,0.128,-0.28509514331817626,6.0,True,0.14121906666047704,0.0,0.14121906666047704,6.006354275398708,6.006354275398708,0.12964516561863648,10
43,4.40999999999995,16.42601542476298,-9.297766405183188,5.522820752896709,5.996098879631553,-0.128,-0.27622737884521487,5.943327754735947,True,0.16568029688260588,0.0,0.16568029688260588,6.172034572281314,6.172034572281314,0.1323850211612605,10
44,4.509999999999948,16.783307688454766,-9.775727854219086,5.301772256159998,5.949727667824133,-0.256,-0.25446505546569825,5.975801706314087,True,0.17594118053842409,0.0,0.17594118053842409,6.347975752819738,6.347975752819738,0.1355804523149458,10
45,4.609999999999946,17.083005851084653,-10.289004018529814,4.908189903921572,5.959782899506431,-0.256,0.26748242378234866,6.0,True,0.11027682371999718,0.0,0.11027682371999718,6.458252576539735,6.458252576539735,0.13894519318091092,10
46,4.709999999999944,17.240773688588735,-10.862487198231893,4.595682607645821,5.975292283033993,0.0,0.16714048385620117,6.0,True,0.16136108510577984,0.0,0.16136108510577984,6.619613661645515,6.619613661645515,0.14226582978438362,10
47,4.809999999999942,17.273027617323958,-11.4592117181574,4.636742885099795,5.984820604415031,0.192,-0.13663483858108522,6.0,True,0.16167054004596842,0.0,0.16167054004596842,6.781284201691483,6.781284201691483,0.1455312035778938,10
48,4.90999999999994,17.290357169319684,-12.057649351485129,4.871750258868202,5.990674409511733,-0.064,-0.22405099868774414,6.0,True,0.15860763732852973,0.0,0.15860763732852973,6.939891839020013,6.939891839020013,0.14890977884620865,10
49,5.009999999999938,17.333967389322503,-12.655293665414712,4.768037804842917,5.994270744347623,-0.224,0.05793271064758301,5.999997019767761,True,0.18410025520175763,0.0,0.18410025520175763,7.12399209422177,7.12399209422177,0.15219750737216267,10
50,5.1099999999999355,17.332530883887713,-13.254372665687407,4.481191917533461,5.996479033870872,0.032,0.09941206574440004,5.999998509883881,True,0.18885556735372278,0.0,0.18885556735372278,7.312847661575493,7.312847661575493,0.15575290224205177,10
51,5.209999999999933,17.25971378666705,-13.849476595891066,4.500814969661087,5.9978362899294115,0.096,0.224107027053833,5.995746314525604,True,0.1903582436321137,0.0,0.1903582436321137,7.503205905207606,7.503205905207606,0.1589402548697508,10
52,5.309999999999931,17.180665003500728,-14.443774304194374,4.710629942306875,5.995999780051823,0.224,0.1414402961730957,6.0,True,0.19839774923053533,0.0,0.19839774923053533,7.701603654438141,7.701603654438141,0.16235497740477506,10
53,5.409999999999929,17.18719062801854,-15.042496458766806,5.015897180962977,5.997542430929421,0.16,-0.058049035072326664,5.999999105930328,True,0.16899967064975563,0.0,0.16899967064975563,7.870603325087897,7.870603325087897,0.16516690391281927,10
54,5.509999999999927,17.31615610278173,-15.627265681402724,5.193250412071534,5.998489826796453,-0.032,-0.06453144550323486,6.0,True,0.1858616701082305,0.0,0.1858616701082305,8.056464995196128,8.056464995196128,0.16854043673824443,10
55,5.609999999999925,17.523874805275845,-16.189879841459323,5.1289646911040485,5.999072212277241,-0.096,0.018917745351791384,6.0,True,0.19218159366500373,0.0,0.19218159366500373,8.248646588861131,8.248646588861131,0.17206325937110512,10
56,5.709999999999923,17.74150356367777,-16.74892673879363,5.0277508824421195,5.999430005739421,0.032,-0.005157386884093285,5.99996617436409,True,0.19912068275845418,0.0,0.19912068275845418,8.447767271619586,8.447767271619586,0.17528808455078154,10
57,5.809999999999921,17.943949111521018,-17.313668528767924,5.024535493288163,5.999636774619657,-0.032,-0.1104244351387024,4.701990991830826,True,0.046868342413768804,0.0,0.046868342413768804,8.494635614033355,8.494635614033355,0.17844268185897663,10
58,5.909999999999918,18.113900962548154,-17.844201294457886,4.927501803844638,5.059716726733218,-0.096,0.022500112652778625,5.999973326921463,True,0.19712924122199477,0.0,0.19712924122199477,8.69176485525535,8.69176485525535,0.18136735536822055,10
59,6.009999999999916,18.227293191613036,-18.355303159825407,4.828506694907751,5.422318705684251,0.032,0.09183550477027894,6.0,True,0.19033518769135,0.0,0.19033518769135,8.8821000429467,8.8821000429467,0.18444901146429674,10
60,6.109999999999914,18.318859462859866,-18.900816093201534,4.892035678194137,5.645096594698747,0.096,0.019914884865283967,6.0,True,0.19251143947663357,0.0,0.19251143947663357,9.074611482423334,9.074611482423334,0.18766675688016526,10
61,6.209999999999912,18.429717796015456,-19.461118909960298,4.976219953208921,5.781962081282867,0.032,-0.08159992694854737,5.999957382678986,True,0.17103862120342908,0.0,0.17103862120342908,9.245650103626764,9.245650103626764,0.19083562675985621,10
62,6.30999999999991,18.565202724751916,-20.027440694987302,4.966902516302435,5.866030119382716,-0.096,0.02177896350622177,5.991193860769272,True,0.1933417838440645,0.0,0.1933417838440645,9.438991887470827,9.438991887470827,0.1940615441954009,10
63,6.409999999999908,18.696926904213722,-20.6014729345558,4.8870341801112,5.914298454123035,0.032,0.13725281953811647,6.0,True,0.18613441805008146,0.0,0.18613441805008146,9.625126305520908,9.625126305520908,0.19729768903770642,10
64,6.509999999999906,18.820962053925896,-21.181395842750206,4.949060929045038,5.947348528036825,0.16,0.033378756046295165,5.9999551475048065,True,0.19220826099677116,0.0,0.19220826099677116,9.81733456651768,9.81733456651768,0.20102952545170671,10
65,6.6099999999999035,18.97828391027005,-21.755780631328317,5.121731785823818,5.967635824420807,0.032,0.0061352990567684175,5.990532696247101,True,0.19582071515082294,0.0,0.19582071515082294,10.013155281668503,10.013155281668503,0.2043439713009131,10
66,6.709999999999901,19.1883965610716,-22.314594549438645,5.1824020732121,5.976465808740343,0.032,-0.004783675819635392,6.0,True,0.18845263506789203,0.0,0.18845263506789203,10.201607916736394,10.201607916736394,0.20763140594893312,10
67,6.809999999999899,19.43561925802691,-22.859148615587895,5.184371321187926,5.985541569891134,-0.032,-0.08552348017692567,6.0,True,0.1997199501177711,0.0,0.1997199501177711,10.401327866854166,10.401327866854166,0.2109560826094787,10
68,6.909999999999897,19.692079272052666,-23.40027052470897,5.124861194243684,5.99111734077001,-0.096,-0.1931216835975647,5.999690651893616,True,0.17671317310582085,0.0,0.17671317310582085,10.578041039959986,10.578041039959986,0.2142677514751487,10
69,7.009999999999895,19.92074190920235,-23.953935789709185,4.958169882574704,5.994423565452676,-0.224,0.035058322548866275,5.9995797872543335,True,0.174388184286676,0.0,0.174388184286676,10.752429224246661,10.752429224246661,0.21765571329025288,10
70,7.109999999999893,20.06692582889422,-24.534598251572078,4.697563848182237,5.996412018635369,0.032,0.14189550876617432,5.995636194944382,True,0.17230997632614725,0.0,0.17230997632614725,10.924739200572809,10.924739200572809,0.22100742917885358,10
71,7.209999999999891,20.131448646864026,-25.130528862932252,4.731769150453455,5.995730284357936,0.16,0.07255043983459473,5.9617330729961395,True,0.1866896972234215,0.0,0.1866896972234215,11.11142889779623,11.11142889779623,0.22434516903092025,10
72,7.309999999999889,20.19036152265047,-25.7252828627493,4.928634291955302,5.965856145952924,0.096,-0.07039076089859009,5.961909502744675,True,0.14227865896740996,0.0,0.14227865896740996,11.25370755676364,11.25370755676364,0.22770384961737541,10
73,7.4099999999998865,20.29899276508803,-26.311471064813524,5.022231691174207,5.962388138998361,-0.096,-0.13403449058532715,5.831249713897705,True,0.1112479074793831,0.0,0.1112479074793831,11.364955464243023,11.364955464243023,0.23083334006353368,10
74,7.509999999999884,20.430373826164416,-26.88580717342646,4.892894727707505,5.847153762273139,-0.16,0.07135813236236573,4.814894109964371,True,0.17591029092110272,0.0,0.17591029092110272,11.540865755164125,11.540865755164125,0.23389744613009164,10
75,7.609999999999882,20.515651292249043,-27.421789773721965,4.618517313570544,5.013427249252279,0.096,0.39581823348999023,4.310415893793106,True,0.1029772813328044,0.0,0.1029772813328044,11.64384303649693,11.64384303649693,0.23663854557160097,10
76,7.70999999999988,20.538306802394995,-27.887318481016933,4.614860217791495,4.405809812301096,0.3520000000000001,0.04081492722034455,2.074000895023346,True,0.0,0.0,0.0,11.64384303649693,11.64384303649693,0.23883268919659348,10
77,7.809999999999878,20.574804392483962,-28.282898822616662,5.067271854061734,3.454809812301095,0.16,-0.2644083499908447,5.078473895788193,True,0.03705103401714723,0.0,0.03705103401714723,11.680894070514077,11.680894070514077,0.2409521234916442,10
78,7.909999999999876,20.69862489727805,-28.637380157420555,5.1570694806944894,4.080962087867431,-0.16,0.06987871527671814,4.441252037882805,True,0.17021500804769324,0.0,0.17021500804769324,11.85110907856177,11.85110907856177,0.2433093263841276,10
79,8.009999999999874,20.84688376063586,-29.024796812132685,5.0083444483333714,4.21990484971094,0.032,0.27379484176635743,4.057524152100086,True,0.17174033128878008,0.0,0.17174033128878008,12.022849409850549,12.022849409850549,0.24533906097894612,10
80,8.109999999999872,20.985647188129768,-29.413997619097614,5.091029838316024,4.077217163267925,0.28800000000000003,0.056090068817138676,1.8401179313659668,True,0.0,0.0,0.0,12.022849409850549,12.022849409850549,0.24729032100585727,10
81,8.20999999999987,21.151320166361707,-29.738557901163436,5.440033933370505,3.126217163267925,0.032,-0.22373085021972658,4.339670300483704,True,0.07078470792549084,0.0,0.07078470792549084,12.09363411777604,12.09363411777604,0.2491525479261025,10
82,8.309999999999867,21.360961745879404,-30.00017213025039,5.454792897577258,3.594175068408596,-0.224,0.098000967502594,3.2066359035670757,True,0.07855231281604969,0.0,0.07855231281604969,12.172186430592088,12.172186430592088,0.25102752119551947,10
83,8.409999999999865,21.566859357670552,-30.268755922731298,5.285516920045466,3.2536354128282583,0.032,0.2217211961746216,3.6201363746076822,True,0.13741380327294594,0.0,0.13741380327294594,12.309600233865034,12.309600233865034,0.2528584976192895,10
84,8.509999999999863,21.759573556630972,-30.53938927059198,5.358102378437368,3.3949733986526276,0.224,0.21210303306579592,2.293247789144516,True,0.002438319144853235,0.0,0.002438319144853235,12.312038553009886,12.312038553009886,0.2541926623101994,10
85,8.60999999999986,21.958560253358414,-30.75966357260894,5.600780176289622,2.5247980716238785,0.224,-0.013324044644832611,3.0528853684663773,True,0.03372553271529097,0.0,0.03372553271529097,12.345764085725177,12.345764085725177,0.25566889479157623,10
86,8.709999999999859,22.172426208132922,-30.91122313675413,5.727900070283649,2.72845045636189,-0.032,-0.003880974277853966,2.5851911157369614,True,0.0,0.0,0.0,12.345764085725177,12.345764085725177,0.25729957470444026,10
87,8.809999999999857,22.396820382946732,-31.052450496981095,5.724144170369101,2.6025651499438154,-0.032,0.17812438011169435,5.876155257225037,True,0.0,0.0,0.0,12.345764085725177,12.345764085725177,0.25846603012908287,10
88,8.909999999999854,22.653722472029283,-31.21318852906949,5.733452658439349,3.553565149943815,0.16,0.3680861234664917,5.999866485595703,True,0.0,0.0,0.0,12.345764085725177,12.345764085725177,0.26017215529725995,10
89,9.009999999999852,23.004087977848794,-31.40070720817311,5.859509022772277,4.455132225804327,0.3520000000000001,0.3892721176147461,5.999952465295792,True,0.0,0.0,0.0,12.345764085725177,12.345764085725177,0.2628109491408184,10
90,9.10999999999985,23.452722813008222,-31.553030360982692,6.153280280659709,5.050879041993723,0.41600000000000015,0.27976326942443847,5.876051247119904,True,0.006239544130538621,0.0,0.006239544130538621,12.352003629855716,12.352003629855716,0.2650992763250102,10
91,9.209999999999848,23.970317919537845,-31.591405941879334,0.23018495799272332,5.36909970058228,0.28800000000000003,0.11376891136169434,5.994635283946991,True,0.0,0.0,0.0,12.352003629855716,12.352003629855716,0.26756088552779256,10
92,9.309999999999846,24.506962898628,-31.48406709934336,0.47933851726729243,5.610332190082404,0.096,0.04188266694545746,5.9982284009456635,True,0.0,0.0,0.0,12.352003629855716,12.352003629855716,0.2706959098385549,10
93,9.409999999999844,25.029906819522644,-31.262854621150503,0.5672016777530557,5.7599210721582805,0.032,0.16560405492782593,5.999883025884628,True,0.0,0.0,0.0,12.352003629855716,12.352003629855716,0.2731812937630091,10
94,9.509999999999842,25.533089953261634,-30.973891172812692,0.6416198069278403,5.852460363322746,0.16,0.033131247758865355,5.997118562459946,True,0.007167645808187378,0.0,0.007167645808187378,12.359171275663904,12.359171275663904,0.27680502416628133,10
95,9.60999999999984,26.003773882718814,-30.6221101073717,0.8152213447525487,5.9082465702668285,0.032,-0.05425628423690796,5.99999538064003,True,0.023814680770267077,0.0,0.023814680770267077,12.38298595643417,12.38298595643417,0.2797772217597274,10
96,9.709999999999837,26.437314948202097,-30.218402886157904,0.8429219807235935,5.943628720417188,-0.032,-0.09488571882247926,4.891074359416962,True,0.1684349334432913,0.0,0.1684349334432913,12.551420889877463,12.551420889877463,0.28285359789421044,10
97,9.809999999999835,26.827947691736757,-29.827776728380442,0.761255919490405,5.098335080175979,-0.096,-0.17051702737808228,4.992372751235962,True,0.18902153442364067,0.0,0.18902153442364067,12.740442424301103,12.740442424301103,0.28571489356455887,10
98,9.909999999999833,27.202654865137735,-29.490892355922377,0.598814724657653,5.005223523266679,-0.16,0.014963977038860321,4.086858727037907,True,0.0943628210590434,0.0,0.0943628210590434,12.834805245360146,12.834805245360146,0.2882447058713416,10
99,10.009999999999831,27.58417990217881,-29.234284437587682,0.319361775474469,4.24108558870828,0.032,0.06703723669052124,5.702461063861847,True,0.05773528149093088,0.0,0.05773528149093088,12.892540526851077,12.892540526851077,0.29085249995818546,10
100,10.109999999999829,27.99485535611393,-29.04666691877591,0.3770465635258788,4.804652639633634,0.096,-0.2643557071685791,4.964392393827438,True,0.10115195259373724,0.0,0.10115195259373724,12.993692479444814,12.993692479444814,0.2935508702944688,10
101,10.209999999999827,28.43769353440808,-28.852663048835836,0.4542351827540096,4.866254920304919,-0.16,-0.23707323074340822,4.90240952372551,True,0.13158283737951798,0.0,0.13158283737951798,13.125275316824332,13.125275316824332,0.296439702803029,10
102,10.309999999999825,28.89056727690078,-28.67339858071133,0.24841972649990293,4.8801976363101796,-0.224,-0.16427996158599856,4.7299953401088715,True,0.14028025140318,0.0,0.14028025140318,13.265555568227512,13.265555568227512,0.29914829498745305,10
103,10.409999999999823,29.359167503420995,-28.57404702901062,6.233188404574,4.7482113937411565,-0.16,-0.13104765415191652,5.561331570148468,True,0.058663211805306564,0.0,0.058663211805306564,13.324218780032819,13.324218780032819,0.3020468183521985,10
104,10.50999999999982,29.848411998467324,-28.58285953427044,6.077728660855974,5.06178428972644,-0.16,-0.2720085382461548,6.0,True,0.0036053606776187686,0.0,0.0036053606776187686,13.327824140710439,13.327824140710439,0.3049675041365904,10
105,10.609999999999818,30.36181620710804,-28.684100047771732,5.9217158645786965,5.4235992168006355,-0.28800000000000003,-0.26332669258117675,6.0,True,0.011020322943396915,0.0,0.011020322943396915,13.338844463653835,13.338844463653835,0.3078903518431813,10
106,10.709999999999816,30.873169459550592,-28.89241880978938,5.631724384001176,5.6458832875693705,-0.28800000000000003,0.034076166152954106,5.999999850988388,True,0.0,0.0,0.0,13.338844463653835,13.338844463653835,0.3110993081582484,10
107,10.809999999999814,31.33446358412051,-29.226956486870925,5.3443462304745175,5.782445335258659,-0.032,0.12196177244186401,6.0,True,0.005574868687219736,0.0,0.005574868687219736,13.344419332341054,13.344419332341054,0.314480549999055,10
108,10.909999999999812,31.733394843046746,-29.650782912614577,5.35202669479365,5.866343445571785,0.096,0.1108870267868042,5.999999701976776,True,0.03122217188075152,0.0,0.03122217188075152,13.375641504221806,13.375641504221806,0.3178287499087041,10
109,11.00999999999981,32.123205491214236,-30.092485454459677,5.527172490234728,5.917886846662438,0.096,-0.034940224885940556,6.0,True,0.0794047371690757,0.0,0.0794047371690757,13.455046241390882,13.455046241390882,0.3211080578045518,10
110,11.109999999999808,32.549208242320894,-30.50521673730503,5.641701925313122,5.949553087444101,-0.032,-0.07193315625190735,5.9999988079071045,True,0.11270447315729797,0.0,0.11270447315729797,13.567750714548179,13.567750714548179,0.32416300659856206,10
111,11.209999999999805,32.9993503412556,-30.895686011968213,5.5665975063049995,5.969007051463958,-0.096,0.12084280252456665,6.0,True,0.150811074581733,0.0,0.150811074581733,13.718561789129913,13.718561789129913,0.3280558456904644,10
112,11.309999999999803,33.44280504701365,-31.2960520614639,5.479408905408982,5.980959219064213,0.096,0.11418119668960572,5.9999503791332245,True,0.19470755020153488,0.0,0.19470755020153488,13.913269339331448,13.913269339331448,0.33078068204038474,10
113,11.409999999999801,33.88498128096077,-31.699286404193113,5.608744273574022,5.988282998787984,0.096,0.10558644533157349,5.997767508029938,True,0.1716027043460027,0.0,0.1716027043460027,14.08487204367745,14.08487204367745,0.33491148003117677,10
114,11.509999999999799,34.355309611283396,-32.069755320160326,5.779616354258258,5.9919406192926665,0.096,0.11978224515914918,5.992476999759674,True,0.11391276442617582,0.0,0.11391276442617582,14.198784808103627,14.198784808103627,0.3379223319086879,10
115,11.609999999999797,34.869452479556834,-32.37649686643784,5.942805054148415,5.992147469868104,0.096,-0.09351704120635987,6.0,True,0.09563783784505447,0.0,0.09563783784505447,14.29442264594868,14.29442264594868,0.34116871236915997,10
116,11.709999999999795,35.421854646361844,-32.60814103649765,6.046280965039493,5.995175731477785,-0.096,-0.16183704137802124,5.600324034690857,True,0.09314712958893853,0.0,0.09314712958893853,14.387569775537619,14.387569775537619,0.3441746020036647,10
117,11.809999999999793,35.96738573540648,-32.7999352270715,5.916009985739261,5.648210384416361,-0.16,-0.07825538516044617,4.777056336402893,True,0.10207223528102514,0.0,0.10207223528102514,14.489642010818644,14.489642010818644,0.3471650199451784,10
118,11.90999999999979,36.44911553021025,-33.00866716967244,5.612360936604985,4.915454562992784,-0.096,0.16473172903060915,5.556310176849365,True,0.0,0.0,0.0,14.489642010818644,14.489642010818644,0.3499792113133581,10
119,12.009999999999788,36.86757147535891,-33.287855644471335,5.54243494192669,5.162595092248046,0.16,-0.07948781847953797,4.540581911802292,True,0.06865961606009724,0.0,0.06865961606009724,14.558301626878741,14.558301626878741,0.3527217800371115,10
120,12.109999999999786,37.25438132542618,-33.57885300941234,5.686008889061392,4.6204398464361685,-0.096,-0.3401380777359009,3.5433448469266295,True,0.12260108028770395,0.0,0.12260108028770395,14.680902707166444,14.680902707166444,0.3551133150143756,10
121,12.209999999999784,37.586239213175965,-33.835968962368064,5.565941355425341,3.7618151070897725,-0.3520000000000001,-0.24825599193573,2.3123594224452972,True,0.12597489116993615,0.0,0.12597489116993615,14.80687759833638,14.80687759833638,0.3569459875243004,10
122,12.309999999999782,37.809176319094476,-34.08254308733981,5.1387382203290155,2.810815107089773,-0.224,-0.2931340217590332,2.7479799687862396,True,0.1403179964829366,0.0,0.1403179964829366,14.947195594819316,14.947195594819316,0.35839031330204174,10
123,12.40999999999978,37.90788175232731,-34.34004798894197,4.879097786505257,2.7556004132020506,-0.28800000000000003,-0.19332327842712405,2.5616822987794876,True,0.13585990917431273,0.0,0.13585990917431273,15.083055503993629,15.083055503993629,0.3603726161246009,10
124,12.509999999999778,37.921817099566375,-34.60423709884528,4.664092212114684,2.5852000668957538,-0.224,-0.28413963317871094,2.551390588283539,True,0.10897798334411965,0.0,0.10897798334411965,15.19203348733775,15.19203348733775,0.3616924229291109,10
125,12.609999999999776,37.88264343576935,-34.85746723382059,4.485776572524674,2.555490893613454,-0.28800000000000003,-0.26425182819366455,2.8014556914567947,True,0.13712848348933324,0.0,0.13712848348933324,15.329161970827082,15.329161970827082,0.3622582090649188,10
126,12.709999999999773,37.79171477468269,-35.10081628664618,4.289465516408269,2.650345130672178,-0.28800000000000003,-0.19560328722000123,4.870633244514465,True,0.0,0.0,0.0,15.329161970827082,15.329161970827082,0.37067115799648787,10
127,12.809999999999771,37.636371577703486,-35.363880199529326,4.133365090902368,3.494775272510124,-0.224,-0.23124024868011475,4.472307920455933,True,0.008178304559796234,0.0,0.008178304559796234,15.337340275386879,15.337340275386879,0.37228799149981034,10
128,12.90999999999977,37.41068854414277,-35.654061129518645,3.9549031257794076,3.8717524429585204,-0.224,-0.21832139492034913,5.538482427597046,True,0.0,0.0,0.0,15.337340275386879,15.337340275386879,0.37436588956587996,10
129,13.009999999999767,37.10495145391216,-35.93951517038594,3.784105469649414,4.51451271785152,-0.224,-0.2852558851242066,5.720192700624466,True,0.0,0.0,0.0,15.337340275386879,15.337340275386879,0.37693094232528185,10
130,13.109999999999765,36.71364943173872,-36.206451111907064,3.587712620564512,4.979472971943426,-0.28800000000000003,-0.18368544578552248,2.244688034057617,True,0.10159029694288008,0.0,0.10159029694288008,15.43893057232976,15.43893057232976,0.3792996557490082,10
131,13.209999999999763,36.295945394604345,-36.384581525590285,3.1426496854079726,4.028472971943422,-0.16,0.31117355823516846,5.997875988483429,True,0.0,0.0,0.0,15.43893057232976,15.43893057232976,0.38177682022819515,10
132,13.30999999999976,35.858834936419726,-36.42041175776282,3.060150868611965,4.787956533139983,0.096,0.13379499912261963,4.023931905627251,True,0.13344178123126046,0.0,0.13344178123126046,15.57237235356102,15.57237235356102,0.3843122463125972,10
133,13.409999999999759,35.417020683192156,-36.421490905307095,3.223890571308898,4.133259596885529,0.16,-0.054079610109329226,5.153419882059097,True,0.0225609297262043,0.0,0.0225609297262043,15.594933283287224,15.594933283287224,0.3867720424138018,10
134,13.509999999999756,34.98705777453727,-36.46721619729884,3.3356013626747263,4.526675753897484,-0.032,0.011002328246831894,3.236711047589779,True,0.1413748313627264,0.0,0.1413748313627264,15.736308114649951,15.736308114649951,0.3890543349624773,10
135,13.609999999999754,34.582483971547035,-36.53277612262641,3.339096282134467,3.5882166467577568,0.032,0.30395026206970216,3.932918220758438,True,0.100545097847322,0.0,0.100545097847322,15.836853212497273,15.836853212497273,0.39113575865745703,10
136,13.709999999999752,34.22513876516237,-36.608274847570506,3.4017712250520833,3.721147883672402,0.28800000000000003,0.2507678985595703,3.824590876698494,True,0.10278564333761607,0.0,0.10278564333761607,15.93963885583489,15.93963885583489,0.39320993514460795,10
137,13.80999999999975,33.8751899429191,-36.738782630920056,3.6454943436939855,3.7610397961273314,0.224,0.22460410594940186,3.9244573041796684,True,0.07412655467594598,0.0,0.07412655467594598,16.013765410510835,16.013765410510835,0.39549447690878564,10
138,13.909999999999748,33.556651852542075,-36.94300696877829,3.8844927566002396,3.8240603713651558,0.224,0.1728306531906128,3.9315582290291786,True,0.07407983556027738,0.0,0.07407983556027738,16.08784524607111,16.08784524607111,0.39786625492564553,10
139,14.009999999999746,33.28753384764226,-37.21658213402542,4.098648429681364,3.8655160079585786,0.16,0.1369369387626648,3.8377151861786842,True,0.09097545753015043,0.0,0.09097545753015043,16.17882070360126,16.17882070360126,0.40063105882801864,10
140,14.109999999999744,33.07515276769266,-37.537185352794786,4.267886861931742,3.841086780843825,0.16,0.26764118671417236,4.687649294734001,True,0.0,0.0,0.0,16.17882070360126,16.17882070360126,0.4039124626422993,10
141,14.209999999999742,32.91501258030213,-37.90325746459444,4.429526275291449,4.167556430491467,0.28800000000000003,0.26594338417053226,3.307079117745161,True,0.14020423879019306,0.0,0.14020423879019306,16.319024942391454,16.319024942391454,0.4072048684078573,10
142,14.30999999999974,32.83928881735156,-38.27196389806051,4.813062857566953,3.4424663834826124,0.28800000000000003,0.33391282558441165,3.614756068214774,True,0.08613346952286537,0.0,0.08613346952286537,16.40515841191432,16.40515841191432,0.40957000299668167,10
143,14.409999999999737,32.89212136887691,-38.61331085540317,5.113103074430028,3.5089084383687186,0.3520000000000001,0.36041615009307865,3.8799602389335632,True,0.0494742420993098,0.0,0.0494742420993098,16.454632654013633,16.454632654013633,0.41279596566937277,10
144,14.509999999999735,33.06285898647012,-38.92609120747507,5.425914355983707,3.65200141655278,0.3520000000000001,0.19453493356704712,3.6262123975902796,True,0.10902475400241637,0.0,0.10902475400241637,16.56365740801605,16.56365740801605,0.4145614944617917,10
145,14.609999999999733,33.32620864228096,-39.175273628629164,5.743213287594087,3.6293400072502235,0.224,0.07156770825386048,2.5433456748723984,True,0.16014994115431816,0.0,0.16014994115431816,16.723807349170368,16.723807349170368,0.41618639734755103,10
146,14.70999999999973,33.605527913190436,-39.331619221536634,6.014666593746123,2.766541902947965,0.096,0.05855485200881958,4.16380187869072,True,0.06260696188691986,0.0,0.06260696188691986,16.78641431105729,16.78641431105729,0.4180116132258965,10
147,14.809999999999729,33.89577656493933,-39.41785097260465,6.053927213139212,3.305383355602443,0.032,0.19421995878219606,4.849579691886902,True,0.0,0.0,0.0,16.78641431105729,16.78641431105729,0.4198077670897838,10
148,14.909999999999727,34.24738325549557,-39.49351384873818,6.107893008473401,3.9008895688144296,0.224,-0.04204672574996948,4.510830849409103,True,0.04848454768667926,0.0,0.04848454768667926,16.83489885874397,16.83489885874397,0.42203696437648586,10
149,15.009999999999724,34.64627736557211,-39.53840606203416,6.260358934200737,4.1361082477827855,-0.032,-0.2715327024459839,3.657261360436678,True,0.13445946985257623,0.0,0.13445946985257623,16.969358328596545,16.969358328596545,0.42419976802772386,10
150,15.109999999999722,35.03329095242573,-39.5636318799302,6.21486057519217,3.7153343779746995,-0.28800000000000003,-0.2773789644241333,3.9930593445897102,True,0.15321276601101647,0.0,0.15321276601101647,17.12257109460756,17.12257109460756,0.4268100728655717,10
151,15.20999999999972,35.403519191718246,-39.6305870860564,5.961571009941404,3.8224366546070048,-0.28800000000000003,-0.2152034044265747,4.762840181589127,True,0.06878383320945011,0.0,0.06878383320945011,17.191354927817013,17.191354927817013,0.42901831246832384,10
152,15.309999999999718,35.77289249485104,-39.7822844601157,5.741943737918315,4.185095294629292,-0.224,-0.2443995237350464,3.5443835090845823,True,0.15677126090685778,0.0,0.15677126090685778,17.34812618872387,17.34812618872387,0.43326537215486816,10
153,15.409999999999716,36.09143481226072,-39.997861808311505,5.438308544798548,3.6276994946797467,-0.224,-0.11747754812240602,4.765043914318085,True,0.011289021646274683,0.0,0.011289021646274683,17.359415210370145,17.359415210370145,0.4356537016756328,10
154,15.509999999999714,36.33947462286707,-40.290344838575514,5.277359787004568,4.066306718736678,-0.096,-0.18589022159576418,3.722336780279875,True,0.1138506926710784,0.0,0.1138506926710784,17.473265903041224,17.473265903041224,0.4377239736680155,10
155,15.609999999999712,36.54039875406536,-40.62197412723574,5.124931022804245,3.7640523532457197,-0.16,-0.24220767021179201,3.0032477751374245,True,0.16718041852277687,0.0,0.16718041852277687,17.640446321564,17.640446321564,0.4396046495555845,10
156,15.70999999999971,36.659715519280844,-40.93902914901482,4.855289570836741,3.111840094645656,-0.224,-0.05606628060340882,2.66585236787796,True,0.16838414783897188,0.0,0.16838414783897188,17.80883046940297,17.80883046940297,0.4413115856618604,10
157,15.809999999999707,36.685017980418515,-41.22439304182732,4.641885693905913,2.7199403316149002,-0.032,-0.12700074911117554,2.518067717552185,True,0.16483202729587615,0.0,0.16483202729587615,17.973662496698847,17.973662496698847,0.4426349185406274,10
158,15.909999999999705,36.66418561836375,-41.48452793788362,4.577391137945983,2.5425501819196246,-0.096,-0.23916959762573242,2.414553076028824,True,0.11986836669430105,0.0,0.11986836669430105,18.09353086339315,18.09353086339315,0.44415374355922455,10
159,16.009999999999703,36.61532219785245,-41.726815561757725,4.467180037414249,2.4300761552669687,-0.224,-0.2556994199752808,2.4387694001197815,True,0.13630587370374675,0.0,0.13630587370374675,18.229836737096896,18.229836737096896,0.44542132056005074,10
160,16.10999999999972,36.52845921737125,-41.95363667028602,4.299558919361876,2.4334286313745594,-0.224,-0.2752223491668701,4.277105838060379,True,0.014145633777736755,0.0,0.014145633777736755,18.243982370874633,18.243982370874633,0.4467622560803566,10
161,16.209999999999734,36.38818620969578,-42.19358460321832,4.141329490502984,3.1444271008959097,-0.28800000000000003,-0.1635891914367676,4.776307255029678,True,0.0,0.0,0.0,18.243982370874633,18.243982370874633,0.4529385811277019,10
162,16.30999999999975,36.17315130878803,-42.463411870310345,3.970318908553577,3.7737478343864845,-0.16,-0.36411771774291996,5.999994188547134,True,0.0,0.0,0.0,18.243982370874633,18.243982370874633,0.4552415807108309,10
163,16.409999999999766,35.874667987470296,-42.75580305330388,3.829133711658842,4.619899656957495,-0.3520000000000001,-0.3993863105773926,5.993541836738586,True,0.0,0.0,0.0,18.243982370874633,18.243982370874633,0.4574905266992744,10
164,16.50999999999978,35.47224003099382,-43.02992588700395,3.52264588623052,5.149633107017313,-0.41600000000000015,-0.21650049686431885,4.625797778367996,True,0.03865481443576815,0.0,0.03865481443576815,18.282637185310403,18.282637185310403,0.45987476029074764,10
165,16.609999999999797,35.01156456453729,-43.17945913362144,2.952189736127384,4.690005790376158,-0.224,0.2524167776107788,6.0,True,0.0,0.0,0.0,18.282637185310403,18.282637185310403,0.4628389118727946,10
166,16.709999999999813,34.52135146234915,-43.142704307179216,2.815625144912239,5.195193940854336,0.032,0.07330709099769593,5.9999988079071045,True,0.0,0.0,0.0,18.282637185310403,18.282637185310403,0.46578289246740784,10
167,16.809999999999828,34.00070860438852,-43.02088289074406,2.9152742451836238,5.505560108349817,0.096,-0.1637539267539978,5.702453464269638,True,0.0,0.0,0.0,18.282637185310403,18.282637185310403,0.468807351635094,10
168,16.909999999999844,33.45860606541986,-42.90554139605988,2.9946778948796138,5.581490360245463,-0.16,-0.08661301136016847,5.760769158601761,True,0.0,0.0,0.0,18.282637185310403,18.282637185310403,0.4719770459266767,10
169,17.00999999999986,32.909822305802884,-42.786727784498666,2.854785507846839,5.6506277074918865,-0.096,0.05621423125267029,5.999634474515915,True,0.006994761573708874,0.0,0.006994761573708874,18.28963194688411,18.28963194688411,0.47520294032869276,10
170,17.109999999999875,32.35989896613007,-42.63100404467723,2.777711895238341,5.785219205562603,0.032,0.046899357438087465,5.999425709247589,True,0.0459134129874057,0.0,0.0459134129874057,18.335545359871517,18.335545359871517,0.4784512806436898,10
171,17.20999999999989,31.80545285694462,-42.45219026617453,2.8409758387173647,5.867826125976464,0.032,-0.04555069506168366,5.884754866361618,True,0.09000312404460309,0.0,0.09000312404460309,18.42554848391612,18.42554848391612,0.4817276084500088,10
172,17.309999999999906,31.24425321430413,-42.279750367689225,2.874383811571999,5.874354551050615,-0.032,-0.01704329699277878,5.998878985643387,True,0.12422148807811104,0.0,0.12422148807811104,18.54976997199423,18.54976997199423,0.4850196418206403,10
173,17.409999999999922,30.679761424094135,-42.10887594287216,2.8265510460858247,5.922376342550998,-0.032,-0.00023315621074289085,5.99992698431015,True,0.15736482264063953,0.0,0.15736482264063953,18.70713479463487,18.70713479463487,0.4883601534285483,10
174,17.509999999999938,30.114404960313678,-41.92765610599881,2.800751254282118,5.9522830894594065,-0.032,-0.006862366944551468,5.999997317790985,True,0.18606970345821716,0.0,0.18606970345821716,18.893204498093088,18.893204498093088,0.4916786467267968,10
175,17.609999999999953,29.551020308112978,-41.732839712790955,2.7790927337222358,5.970683676717915,-0.032,-0.0053800817579031,5.999999105930328,True,0.19001767661729654,0.0,0.19001767661729654,19.083222174710386,19.083222174710386,0.49502787244174473,10
176,17.70999999999997,28.990702472442855,-41.52503716311261,2.757397938032717,5.981988923226253,-0.032,0.009170969575643539,5.999999701976776,True,0.19288081967706575,0.0,0.19288081967706575,19.27610299438745,19.27610299438745,0.49837441196041904,10
177,17.809999999999985,28.4336903327962,-41.30599141993471,2.749443602316292,5.988934627213952,0.032,0.029558441042900088,5.999999701976776,True,0.19959747742195674,0.0,0.19959747742195674,19.475700471809407,19.475700471809407,0.502037670539962,10
178,17.91,27.877209179467098,-41.084063648290226,2.772861858695426,5.993201779399258,0.032,0.07072237730026246,6.0,True,0.18406500741162612,0.0,0.18406500741162612,19.659765479221033,19.659765479221033,0.5053979753102621,10
179,18.010000000000016,27.316869332093233,-40.87118246742517,2.8292818600374106,5.995823455485,0.096,-0.10214526653289796,6.0,True,0.18444807436322705,0.0,0.18444807436322705,19.84421355358426,19.84421355358426,0.5087111200953462,10
180,18.11000000000003,26.74650796963087,-40.68624439225317,2.9079688430806216,5.997434104435523,-0.096,-0.13657642602920533,6.0,True,0.19245872630771413,0.0,0.19245872630771413,20.036672279891974,20.036672279891974,0.5120478356145013,10
181,18.210000000000047,26.174327531881698,-40.506483306823995,2.7620798670079996,5.998423620286062,-0.16,-0.14291164875030518,6.0,True,0.18793590068395633,0.0,0.18793590068395633,20.22460818057593,20.22460818057593,0.5153891964548576,10
182,18.310000000000063,25.620527495172063,-40.2771241419697,2.544238599694743,5.999031537745762,-0.16,0.08967370986938478,6.0,True,0.1652618399148466,0.0,0.1652618399148466,20.38987002049078,20.38987002049078,0.5187259401165001,10
183,18.41000000000008,25.109470101618214,-39.964131396410686,2.3701249801306328,5.999405016995847,0.096,0.16982492208480837,6.0,True,0.15512121871847365,0.0,0.15512121871847365,20.544991239209253,20.544991239209253,0.5220433247562073,10
184,18.510000000000094,24.63171601156402,-39.60128998134566,2.487820543805313,5.99963446714244,0.16,0.03926338851451874,5.999999701976776,True,0.1733350084852214,0.0,0.1733350084852214,20.718326247694474,20.718326247694474,0.5253842167785434,10
185,18.61000000000011,24.138293478634132,-39.26038829815558,2.7082471162817114,5.99977531685696,0.032,-0.12197589874267578,6.0,True,0.18852663176628245,0.0,0.18852663176628245,20.906852879460757,20.906852879460757,0.5290490424257696,10
186,18.710000000000125,23.61264385990024,-38.97147525623305,2.739084178982252,5.999861964004437,-0.096,-0.24846570491790773,5.990592896938324,True,0.19239696913955667,0.0,0.19239696913955667,21.099249848600316,21.099249848600316,0.5322502400253554,10
187,18.81000000000014,23.08281325773649,-38.691208436735,2.544576334534966,5.99171701971852,-0.224,-0.20560927391052247,6.0,True,0.19657689742736717,0.0,0.19657689742736717,21.295826746027682,21.295826746027682,0.5355637056843047,10
188,18.910000000000156,22.596658838521243,-38.3424080407259,2.214853685717157,5.994911280775635,-0.224,0.21307551860809326,5.9999986588954926,True,0.11829351511559104,0.0,0.11829351511559104,21.414120261143275,21.414120261143275,0.5388977388810415,10
189,19.010000000000172,22.204740514565348,-37.89061747904826,1.9465989317777437,5.996873184976642,0.032,0.17311272621154786,6.0,True,0.155421764440891,0.0,0.155421764440891,21.569542025584166,21.569542025584166,0.5421590145183329,10
190,19.110000000000188,21.898271286907075,-37.375339325526895,2.023123060783733,5.998079014656601,0.16,0.0005837473552674056,6.0,True,0.1995566925868228,0.0,0.1995566925868228,21.769098718170987,21.769098718170987,0.5454926013577687,10
191,19.210000000000203,21.592483244833456,-36.85941787749063,2.2451540682474693,5.998819826353017,0.032,-0.16406087875366213,5.959142655134201,True,0.1678151060640538,0.0,0.1678151060640538,21.93691382423504,21.93691382423504,0.5488426312215878,10
192,19.31000000000022,21.24973053495188,-36.369824998663574,2.2582957470922436,5.963954575438873,-0.16,-0.031865385174751286,5.999996572732925,True,0.19795393362351774,0.0,0.19795393362351774,22.134867757858558,22.134867757858558,0.5521771271593614,10
193,19.410000000000235,20.908044560112042,-35.88024486309848,2.078799257349586,5.9778538658469955,-0.032,0.15128827095031738,6.0,True,0.17074299510019875,0.0,0.17074299510019875,22.305610752958756,22.305610752958756,0.5555065946722475,10
194,19.51000000000025,20.593136138135936,-35.3717024269747,2.070443781104757,5.986394334553502,0.16,0.018675775825977327,5.99999925494194,True,0.1933526159561312,0.0,0.1933526159561312,22.498963368914886,22.498963368914886,0.5589955060224834,10
195,19.610000000000266,20.273584795536625,-34.865247213816716,2.2311228468228994,5.99164095665148,0.032,-0.02012332081794739,6.0,True,0.19885756557313397,0.0,0.19885756557313397,22.69782093448802,22.69782093448802,0.5622424129413192,10
196,19.71000000000028,19.92569733320639,-34.37732539587725,2.2604241188635634,5.994864550784936,-0.032,-0.05808713436126709,6.0,True,0.19494091497765578,0.0,0.19494091497765578,22.89276184946568,22.89276184946568,0.565613184353757,10
197,19.810000000000297,19.562096967702352,-33.90057278863914,2.2149698569041516,5.996844993195881,-0.032,-0.010689952969551088,6.0,True,0.19013365918498873,0.0,0.19013365918498873,23.08289550865067,23.08289550865067,0.5691123925158001,10
198,19.910000000000313,19.20607205561822,-33.417960414586794,2.158191270704118,5.998061694796857,-0.032,-0.030670160055160524,6.0,True,0.19274978136445353,0.0,0.19274978136445353,23.275645290015124,23.275645290015124,0.5724541478630616,10
199,20.01000000000033,18.865557700010392,-32.924168427026174,2.1335738913501916,5.99880918575021,-0.032,-0.0204363614320755,6.0,True,0.18439341291116634,0.0,0.18439341291116634,23.46003870292629,23.46003870292629,0.5757858484707907,10
200,20.110000000000344,18.539360683040115,-32.42072101826979,2.112486269815432,5.999268413160525,-0.032,-0.1360474705696106,6.0,True,0.19308558595279912,0.0,0.19308558595279912,23.65312428887909,23.65312428887909,0.5790506508667328,10
201,20.21000000000036,18.229676052602976,-31.90697447190417,2.042283465077223,5.999550543417005,-0.16,-0.21560962200164796,6.0,True,0.17467855801520166,0.0,0.17467855801520166,23.827802846894294,23.827802846894294,0.5823907420262229,10
202,20.310000000000375,17.969466671484085,-31.36693113267655,1.808457473090546,5.999723872534199,-0.224,-0.01923169642686844,5.994932413101196,True,0.19315119594032595,0.0,0.19315119594032595,24.02095404283462,24.02095404283462,0.5857652897063297,10
203,20.41000000000039,17.81157882909672,-30.789463002962343,1.540123353996729,5.995513505962063,-0.032,0.15100040435791018,6.0,True,0.1795386773942005,0.0,0.1795386773942005,24.200492720228823,24.200492720228823,0.5891064025914767,10
204,20.510000000000407,17.754656030524085,-30.192921429288464,1.5263077580468345,5.997243684315911,0.16,0.05764284133911133,5.999999701976776,True,0.1884426693340417,0.0,0.1884426693340417,24.388935389562864,24.388935389562864,0.5921488718336093,10
205,20.610000000000422,17.72234909106709,-29.59403155613797,1.7015785395422454,5.998306519139569,0.032,-0.02767326831817627,6.0,True,0.17509937314786034,0.0,0.17509937314786034,24.564034762710723,24.564034762710723,0.5959142459731531,10
206,20.710000000000438,17.659686818517084,-28.997539553596344,1.759302870433617,5.998959595662707,-0.032,0.0013501481153070927,5.999958723783493,True,0.1826723024065459,0.0,0.1826723024065459,24.746707065117267,24.746707065117267,0.5991162600077573,10
207,20.810000000000453,17.57043729778954,-28.404324466745532,1.7477982432349044,5.999344900943999,0.032,0.06832749843597412,5.999998211860657,True,0.19491509401762505,0.0,0.19491509401762505,24.94162215913489,24.94162215913489,0.6024944646635042,10
208,20.91000000000047,17.46477497785844,-27.81378985555643,1.796449542172768,5.999596844755086,0.096,0.008602453768253327,5.9997881054878235,True,0.18404906050715766,0.0,0.18404906050715766,25.125671219642047,25.125671219642047,0.6058463586438436,10
209,21.010000000000485,17.329528312510902,-27.229355579992703,1.8875079506698613,5.99967060283365,0.032,-0.060138005018234256,5.9979133903980255,True,0.17780134230885436,0.0,0.17780134230885436,25.3034725619509,25.3034725619509,0.6092383044997489,10
210,21.1100000000005,17.164426268250573,-26.652684893134712,1.8903583620479643,5.998126499496755,-0.032,-0.0089196115732193,6.0,True,0.1960868918201968,0.0,0.1960868918201968,25.4995594537711,25.4995594537711,0.6126288473186244,10
211,21.210000000000516,16.992953516877144,-26.07786947134006,1.8362628466629243,5.998848999067517,-0.032,0.027307122945785522,5.99999925494194,True,0.19521075021975484,0.0,0.19521075021975484,25.694770203990853,25.694770203990853,0.6160132834170221,10
212,21.31000000000053,16.83040290715648,-25.500411773024826,1.822884619032558,5.999292585484548,0.032,-0.011065440624952317,5.999993592500687,True,0.19921589523840794,0.0,0.19921589523840794,25.89398609922926,25.89398609922926,0.619435378818857,10
213,21.410000000000547,16.673500194368334,-24.921351237566288,1.8322156324190328,5.999562922891656,-0.032,-0.2577800273895264,5.999769032001495,True,0.14350260951306926,0.0,0.14350260951306926,26.03748870874233,26.03748870874233,0.6227540046642871,10
214,21.510000000000563,16.52614630135124,-24.339824691342027,1.7574480947365438,5.999642407120847,-0.28800000000000003,-0.20560340881347658,5.999993294477463,True,0.15258255216317562,0.0,0.15258255216317562,26.190071260905505,26.190071260905505,0.626154568001895,10
215,21.61000000000058,16.445856792861367,-23.746014674394353,1.4309059584578634,5.999777723852335,-0.224,0.20915367603302004,5.999996721744537,True,0.17730711513763925,0.0,0.17730711513763925,26.367378376043145,26.367378376043145,0.629355835991081,10
216,21.710000000000594,16.49487678311482,-23.1494483297371,1.154621549611684,5.999862178531071,0.032,0.3908726692199707,5.999996572732925,True,0.1662580593494889,0.0,0.1662580593494889,26.533636435392634,26.533636435392634,0.6323307900245362,10
217,21.81000000000061,16.646198712757332,-22.56905069262969,1.242000063494198,5.999914006514562,0.3520000000000001,0.3779399633407593,5.711797684431076,True,0.14488047232503043,0.0,0.14488047232503043,26.678516907717665,26.678516907717665,0.635329437152583,10
218,21.910000000000625,16.75234339240291,-21.995575421894564,1.7857926071643409,5.746739509610469,0.3520000000000001,0.017130909860134127,5.999014139175415,True,0.16168387395881872,0.0,0.16168387395881872,26.840200781676483,26.840200781676483,0.6385752620540467,10
219,22.01000000000064,16.662329301072667,-21.427087612202637,2.2546019441543654,5.84402707972811,0.096,-0.0675482451915741,5.998890310525894,True,0.17945540965464465,0.0,0.17945540965464465,27.019656191331126,27.019656191331126,0.6417870471135085,10
220,22.110000000000657,16.38749141250674,-20.909545115240526,2.318883476900212,5.9037487705333485,-0.096,-0.09503363370895386,5.997472912073135,True,0.18270113329461174,0.0,0.18270113329461174,27.202357324625737,27.202357324625737,0.6449046917511002,10
221,22.210000000000672,16.04556474946373,-20.426138184555207,2.1773069370485443,5.939892690385663,-0.096,0.10466907024383545,5.873266667127609,True,0.17629076172196606,0.0,0.17629076172196606,27.378648086347702,27.378648086347702,0.6482019103058524,10
222,22.310000000000688,15.71524795982628,-19.936856130521754,2.078266744753064,5.881346857934733,0.096,0.19454760551452638,5.989739656448364,True,0.18651898048291174,0.0,0.18651898048291174,27.565167066830615,27.565167066830615,0.6515106235994503,10
223,22.410000000000704,15.38976771592025,-19.444603343302187,2.236819059924309,5.923147620872439,0.224,-0.015584129095077516,5.312300384044647,True,0.14805519283943408,0.0,0.14805519283943408,27.713222259670047,27.713222259670047,0.6533883928212216,10
224,22.51000000000072,15.030177352398084,-19.01559286052588,2.596600298640783,5.390093330308673,-0.032,-0.35481784343719486,6.0,True,0.10965131942506243,0.0,0.10965131942506243,27.82287357909511,27.82287357909511,0.6605398961710043,10
225,22.610000000000735,14.606150021068053,-18.665122121888388,2.5604790838941516,5.625298661875857,-0.28800000000000003,-0.3995593070983887,5.99999925494194,True,0.08630404150233756,0.0,0.08630404150233756,27.909177620597447,27.909177620597447,0.663268533261248,10
226,22.71000000000075,14.178420098795659,-18.29020847851951,2.142618606871453,5.76979876592478,-0.41600000000000015,-0.25958216190338135,2.523311510682106,True,0.0,0.0,0.0,27.909177620597447,27.909177620597447,0.6658194435742419,10
227,22.810000000000766,13.898157717380158,-17.83990217788339,1.2665176790912855,4.818798765924776,-0.28800000000000003,-0.049633449316024786,6.0,True,0.09806583832820998,0.0,0.09806583832820998,28.007243458925657,28.007243458925657,0.6686165745240976,10
228,22.91000000000078,13.92617274717326,-17.345536928602268,0.9730102241727381,5.27431899830531,-0.032,0.347888708114624,5.989251643419266,True,0.05125053266835457,0.0,0.05125053266835457,28.058493991594013,28.058493991594013,0.6714261530166692,10
229,23.010000000000797,14.144567308887584,-16.851056398604292,1.0841270772172664,5.550026706055636,0.224,0.2456141471862793,5.999832808971405,True,0.08320680219055367,0.0,0.08320680219055367,28.141700793784565,28.141700793784565,0.6746872274086038,10
230,23.110000000000813,14.361591591359048,-16.33146583136803,1.368044726414542,5.7234906126411955,0.224,-0.027040281891822816,6.0,True,0.11230910900340403,0.0,0.11230910900340403,28.25400990278797,28.25400990278797,0.6779376748512738,10
231,23.21000000000083,14.484241339525793,-15.768080062061985,1.6278321295559295,5.8301241114486135,-0.032,-0.12033799886703492,6.0,True,0.12902529351194295,0.0,0.12902529351194295,28.383035196299915,28.383035196299915,0.6810734127881185,10
232,23.310000000000844,14.520913135940566,-15.183195572373272,1.5891523718598919,5.895635306320807,-0.096,0.08448888063430787,5.999999552965164,True,0.19064675790527233,0.0,0.19064675790527233,28.57368195420519,28.57368195420519,0.684314351193136,10
233,23.41000000000086,14.545477479993504,-14.592180135061893,1.469051260252404,5.935882492415966,0.096,0.13227660655975343,5.999975264072418,True,0.19462117509738194,0.0,0.19462117509738194,28.76830312930257,28.76830312930257,0.6875761050878805,10
234,23.510000000000876,14.571227791998643,-13.997968414775915,1.5887043325378751,5.9605993259212395,0.16,-0.08116679191589356,6.0,True,0.15792723591995805,0.0,0.15792723591995805,28.926230365222526,28.926230365222526,0.6911665911816003,10
235,23.61000000000089,14.55208111104699,-13.401736325217431,1.7646079542138713,5.975793861530033,-0.096,-0.14335281848907472,6.0,True,0.1561463873562144,0.0,0.1561463873562144,29.082376752578742,29.082376752578742,0.694561350870957,10
236,23.710000000000907,14.493525104271551,-12.806586336103548,1.663739950812524,5.985128753420412,-0.16,0.14702457189559937,6.0,True,0.1820503137831019,0.0,0.1820503137831019,29.264427066361844,29.264427066361844,0.6979359382779105,10
237,23.810000000000922,14.460368198291691,-12.208890655971432,1.4802364166936666,5.990863723468108,0.096,0.1126681685447693,5.999994933605194,True,0.1879115379867076,0.0,0.1879115379867076,29.45233860434855,29.45233860434855,0.7013468877687618,10
238,23.910000000000938,14.459587014539956,-11.609639145358688,1.5801526792643723,5.9943850971710555,0.096,0.09316170811653138,5.996867924928665,True,0.18430896698739319,0.0,0.18430896698739319,29.636647571335946,29.636647571335946,0.7048204217235633,10
239,24.010000000000954,14.43696620936527,-11.01073669325528,1.739388031603163,5.995342578626781,0.096,0.1288159728050232,5.999929368495941,True,0.19782013065137996,0.0,0.19782013065137996,29.834467701987325,29.834467701987325,0.7081117546434018,10
240,24.11000000000097,14.351996465991158,-10.41759514161423,1.8908195646071604,5.9971114352168415,0.16,0.09983282685279847,5.9999624490737915,True,0.19206909493404228,0.0,0.19206909493404228,30.026536796921366,30.026536796921366,0.7113900268948998,10
241,24.210000000000985,14.181264868347242,-9.843289264201884,2.0807770887603767,5.998210904517391,0.096,-0.12164379358291627,5.999942034482956,True,0.15713935634394194,0.0,0.15713935634394194,30.18367615326531,30.18367615326531,0.7144856475657311,10
242,24.310000000001,13.924439467524106,-9.301667418736738,2.1862022506723773,5.998878500098437,-0.096,-0.2544710159301758,5.9999986588954926,True,0.10889517656798126,0.0,0.10889517656798126,30.29257132983329,30.29257132983329,0.7175160010521004,10
243,24.410000000001016,13.63529403265724,-8.776069551770215,2.0113607778448914,5.999310479832981,-0.224,-0.12701072692871093,2.128319352865219,True,0.0,0.0,0.0,30.29257132983329,30.29257132983329,0.720630676878949,10
244,24.510000000001032,13.419504369363272,-8.263215991054853,1.5482365453601186,5.048310479832977,-0.096,0.27301151752471925,5.870166331529617,True,0.05435152339849224,0.0,0.05435152339849224,30.34692285323178,30.34692285323178,0.7235381320687365,10
245,24.610000000001047,13.357670327907947,-7.748555839547173,1.4134286029938223,5.365252214863634,0.16,0.381902813911438,4.085410892963409,True,0.10113680437082297,0.0,0.10113680437082297,30.448059657602606,30.448059657602606,0.7261638237532891,10
246,24.710000000001063,13.351307016798547,-7.255053551413074,1.7247764369702037,4.428718575438209,0.3520000000000001,-0.12600957155227663,4.824872970581055,True,0.0958717732953675,0.0,0.0958717732953675,30.543931430897974,30.543931430897974,0.7287617971146665,10
247,24.81000000000108,13.243158315365092,-6.819845330083994,2.1332190228063763,4.581492156203488,0.096,-0.320439624786377,5.875976890325546,True,0.0,0.0,0.0,30.543931430897974,30.543931430897974,0.7313811685681573,10
248,24.910000000001094,13.019230026283763,-6.392690160618137,2.134904605539298,5.080699209066066,-0.224,0.014650952816009522,5.259725213050842,True,0.08191478926926367,0.0,0.08191478926926367,30.625846220167237,30.625846220167237,0.7341965479662387,10
249,25.01000000000111,12.788427941393481,-5.936588445497965,1.8830313857797238,5.149739068308297,-0.032,0.16473106145858765,6.0,True,0.006061999256282896,0.0,0.006061999256282896,30.63190821942352,30.63190821942352,0.7378698060934895,10
250,25.110000000001126,12.597603042075107,-5.4410960489144635,1.8950463781272304,5.477634981396741,0.16,0.3963328838348389,5.988435059785843,True,0.0,0.0,0.0,30.63190821942352,30.63190821942352,0.7406565748917884,10
251,25.21000000000114,12.378977508020093,-4.928751940675628,2.150445425983119,5.674620697035589,0.41600000000000015,0.33478899002075196,5.980432540178299,True,0.014725353012532832,0.0,0.014725353012532832,30.646633572436052,30.646633572436052,0.7434863437868896,10
252,25.310000000001157,12.044200004411236,-4.466049427137989,2.60255861745042,5.7925544392587325,0.3520000000000001,-0.05490851998329163,5.9121637642383575,True,0.0,0.0,0.0,30.646633572436052,30.646633572436052,0.7461628927884885,10
253,25.410000000001173,11.568149065826407,-4.137584814432409,3.014863369761732,5.83868076044587,0.096,0.047640916705131535,6.0,True,0.0,0.0,0.0,30.646633572436052,30.646633572436052,0.7487688904443682,10
254,25.510000000001188,11.007683007488694,-3.9685309335207166,3.1371670987356164,5.90089215624303,0.032,0.10437089204788208,6.0,True,0.0,0.0,0.0,30.646633572436052,30.646633572436052,0.7527187689600516,10
255,25.610000000001204,10.41938801364122,-3.907360167414308,3.1949574120336806,5.939112255169911,0.096,0.14187602996826174,6.0,True,0.03186558163067485,0.0,0.03186558163067485,30.678499154066728,30.678499154066728,0.7558279558957806,10
256,25.71000000000122,9.82501311026388,-3.9244266963036245,3.3493734195710294,5.962593097277091,0.16,-0.10008445978164673,5.426393508911133,True,0.06609766458227836,0.0,0.06609766458227836,30.744596818649008,30.744596818649008,0.7588504013388268,10
257,25.810000000001235,9.266964900462163,-4.025154062646238,3.6049046561177938,5.492453210022825,-0.096,-0.38368432521820073,6.0,True,0.007151041774342601,0.0,0.007151041774342601,30.75174786042335,30.75174786042335,0.7616170445930052,10
258,25.91000000000125,8.73514200655046,-4.196453086161849,3.477848732766522,5.688184322592653,-0.3520000000000001,-0.28238348960876464,5.828982949256897,True,0.07901614133801459,0.0,0.07901614133801459,30.830764001761366,30.830764001761366,0.764758010393063,10
259,26.010000000001266,8.179250738945283,-4.32473060319743,3.0577026293604663,5.742482118164437,-0.28800000000000003,0.016197802126407625,6.0,True,0.1407060558563505,0.0,0.1407060558563505,30.97147005761772,30.97147005761772,0.7676545352602597,10
260,26.110000000001282,7.602534438008355,-4.3042101541927105,2.729845147043646,5.841791704026593,-0.032,0.3986808300018311,5.998681992292404,True,0.11320601069993495,0.0,0.11320601069993495,31.084676068317652,31.084676068317652,0.7712199042521045,10
261,26.210000000001298,7.035265516536065,-4.154411788190299,2.74944963091477,5.902295112342994,0.28800000000000003,-0.02833784818649292,5.914631098508835,True,0.13380995194538536,0.0,0.13380995194538536,31.218486020263036,31.218486020263036,0.7744482348401536,10
262,26.310000000001313,6.463741075290655,-4.007748736075653,3.1282757532774212,5.907052380726062,0.096,0.06885573267936707,5.999922960996628,True,0.17785689700154877,0.0,0.17785689700154877,31.396342917264583,31.396342917264583,0.7776773239399971,10
263,26.41000000000133,5.874175976457291,-3.9589422138172,3.311432929480177,5.942867131918127,0.096,0.10758178234100342,5.999945759773254,True,0.19011961510162284,0.0,0.19011961510162284,31.586462532366205,31.586462532366205,0.7802329432607118,10
264,26.510000000001344,5.281924675080108,-4.0134566500223645,3.4258936252132295,5.964879020387652,0.096,0.09451481699943542,5.999001324176788,True,0.1923029136919913,0.0,0.1923029136919913,31.7787654460582,31.7787654460582,0.7841443498342534,10
265,26.61000000000136,4.702006045707554,-4.153922962217978,3.5565653876815824,5.978037997285907,0.096,0.01723368763923645,6.0,True,0.18820970350270017,0.0,0.18820970350270017,31.9669751495609,31.9669751495609,0.7881863656021793,10
266,26.710000000001376,4.142783978545353,-4.365573587041809,3.6411132621231617,5.9865074572655175,0.032,-0.17999175786972046,6.0,True,0.15623058025132208,0.0,0.15623058025132208,32.12320572981222,32.12320572981222,0.7915041967902642,10
267,26.81000000000139,3.6011211789113133,-4.620978673386297,3.623148078462915,5.991710741874873,-0.16,-0.11506448984146118,6.0,True,0.18387228824460528,0.0,0.18387228824460528,32.30707801805683,32.30707801805683,0.7948371072552965,10
268,26.910000000001407,3.053098785553604,-4.863258174363748,3.422729069154069,5.994907423929117,-0.096,-0.049887055158615114,6.0,True,0.19576768066003195,0.0,0.19576768066003195,32.50284569871686,32.50284569871686,0.7983638004370391,10
269,27.010000000001423,2.482524931296911,-5.046343818951373,3.28172764741986,5.996871332675826,-0.032,0.07879689931869507,5.999982416629791,True,0.17503241486040405,0.0,0.17503241486040405,32.677878113577265,32.677878113577265,0.8017126312891082,10
270,27.11000000000144,1.8955933574442225,-5.169027629768356,3.263308156753948,5.998071095802365,0.096,0.016437602043151856,6.0,True,0.18551794589349607,0.0,0.18551794589349607,32.86339605947076,32.86339605947076,0.804992619316608,10
271,27.210000000001454,1.3053595878725257,-5.275957859327327,3.357336355716897,5.998814961337719,0.032,-0.26934185028076174,6.0,True,0.15996387737979556,0.0,0.15996387737979556,33.023359936850554,33.023359936850554,0.80836412128083,10
272,27.31000000000147,0.7171035401232604,-5.393562884064358,3.3545521232129003,5.999271961441723,-0.224,-0.274005126953125,5.889471083879471,True,0.15910630038388676,0.0,0.15910630038388676,33.18246623723444,33.18246623723444,0.8117167929914274,10
273,27.410000000001485,0.12885850299086954,-5.472210968305223,3.0354933269775453,5.902787382798532,-0.28800000000000003,-0.010889950394630433,5.999317824840546,True,0.18421464026287918,0.0,0.18421464026287918,33.36668087749732,33.36668087749732,0.8150379643631441,10
274,27.5100000000015,-0.4592789961463508,-5.421367064335976,2.674261698469232,5.940013528625579,-0.032,0.14737393856048583,5.866240471601486,True,0.1684495847588465,0.0,0.1684495847588465,33.53513046225617,33.53513046225617,0.8183798529846584,10
275,27.610000000001516,-1.0194300717951719,-5.238308249254539,2.614328274368551,5.875187431783556,0.16,0.04493733644485474,3.908990904688835,True,0.0,0.0,0.0,33.53513046225617,33.53513046225617,0.8214174897421525,10
276,27.710000000001532,-1.5214977906213816,-5.02701350450206,2.7620391672264537,4.924187431783552,0.032,-0.04034035205841065,4.549431562423706,True,0.08989108317506013,0.0,0.08989108317506013,33.62502154543123,33.62502154543123,0.8240474042000276,10
277,27.810000000001548,-1.9599563075066142,-4.851639854557548,2.819707652255168,4.59488075453275,-0.032,-0.005792989954352379,4.625471740961075,True,0.1238941081837551,0.0,0.1238941081837551,33.748915653614986,33.748915653614986,0.8266774829685003,10
278,27.910000000001563,-2.390820056467284,-4.690344994404545,2.780057234272358,4.60667790885717,-0.032,0.1848771095275879,4.251322582364082,True,0.13593443335072758,0.0,0.13593443335072758,33.88485008696571,33.88485008696571,0.8289750788930309,10
279,28.01000000000158,-2.8043855470881534,-4.535678357233181,2.7913934253925445,4.294418938742289,0.16,0.13389828205108642,2.8520021438598633,True,0.0,0.0,0.0,33.88485008696571,33.88485008696571,0.8310465643458786,10
280,28.110000000001595,-3.175058592125238,-4.426486078294043,3.017819117807058,3.3434189387422877,0.16,0.27626001834869385,5.5366209745407104,True,0.09803809739137526,0.0,0.09803809739137526,33.98288818435709,33.98288818435709,0.8327472710187157,10
281,28.21000000000161,-3.547284848071197,-4.3881688951239255,3.1412157891564756,4.180022343790401,0.28800000000000003,0.3091239213943482,5.728361070156097,True,0.06581911300529864,0.0,0.06581911300529864,34.048707297362384,34.048707297362384,0.8352382244803651,10
282,28.310000000001626,-3.9929360636190907,-4.418749350892836,3.3524093929434478,4.777126034585362,0.28800000000000003,-0.12482326030731201,5.460054188966751,True,0.025744415845490365,0.0,0.025744415845490365,34.07445171320787,34.07445171320787,0.8379754502951874,10
283,28.41000000000164,-4.4663729538755135,-4.544500132262136,3.603379563067404,5.040491482071176,0.032,0.26299490928649905,5.998646527528763,True,0.0407669525501245,0.0,0.0407669525501245,34.11521866575799,34.11521866575799,0.8408834327660201,10
284,28.510000000001657,-4.9455464288758115,-4.751339024453716,3.6418697894408094,5.409995844556141,0.224,0.0976286232471466,5.969772547483444,True,0.03375588921664052,0.0,0.03375588921664052,34.148974554974636,34.148974554974636,0.8436555061460311,10
285,28.610000000001673,-5.42081380791552,-5.030388191052199,3.842864523859734,5.625868979838027,0.096,0.09958215355873108,5.99999925494194,True,0.040847885213008056,0.0,0.040847885213008056,34.18982244018764,34.18982244018764,0.8465084927054128,10
286,28.71000000000169,-5.866543180197084,-5.3843360551003405,3.986324962416424,5.770149145604493,0.096,0.02270966172218323,6.0,True,0.03815705899138519,0.0,0.03815705899138519,34.22797949917903,34.22797949917903,0.8495458118788394,10
287,28.810000000001704,-6.270049002473938,-5.802458729770974,4.078893669640135,5.85878917711367,0.032,0.0853835165500641,5.999993443489075,True,0.07640769675843541,0.0,0.07640769675843541,34.304387195937466,34.304387195937466,0.852815313885589,10
288,28.91000000000172,-6.639417052701675,-6.260471659546452,4.1225122828504475,5.913243404197852,0.096,0.0005071406252682209,5.9995337426662445,True,0.08242415684916954,0.0,0.08242415684916954,34.38681135278664,34.38681135278664,0.8560738232458167,10
289,29.010000000001735,-6.975960662804854,-6.748527954196493,4.202109807224256,5.946520540978099,0.032,-0.10875047445297242,5.999788403511047,True,0.09265541199534356,0.0,0.09265541199534356,34.47946676478198,34.47946676478198,0.8593538072675583,10
290,29.11000000000175,-7.287560680751524,-7.256156950933453,4.189996811480324,5.967062840138852,-0.096,-0.0746534526348114,5.763907045125961,True,0.13970986308548583,0.0,0.13970986308548583,34.61917662786747,34.61917662786747,0.8626377472276402,10
291,29.210000000001767,-7.602504909914781,-7.749978404472086,4.044389506382102,5.788545129571119,-0.096,0.01096094623208046,5.96683195233345,True,0.09624102484243865,0.0,0.09624102484243865,34.71541765270991,34.71541765270991,0.8659106962445671,10
292,29.310000000001782,-7.952671188317945,-8.214924858889772,3.9580298611071463,5.857299929847523,0.032,0.1107107400894165,5.985407292842865,True,0.05648145990605613,0.0,0.05648145990605613,34.77189911261597,34.77189911261597,0.8691269493719088,10
293,29.410000000001798,-8.329929645968434,-8.66613323950038,4.022704367578431,5.90670344728203,0.096,0.1399725079536438,5.623855948448181,True,0.028749990578858853,0.0,0.028749990578858853,34.80064910319483,34.80064910319483,0.8723069334321457,10
294,29.510000000001813,-8.679167916475395,-9.123198883418382,4.220965379806223,5.658158787611238,0.16,-0.028123280405998232,5.162907302379608,True,0.026113668733062895,0.0,0.026113668733062895,34.82676277192789,34.82676277192789,0.8753128629977835,10
295,29.61000000000183,-8.942845725875829,-9.592731537404912,4.477118179055871,5.222969817032229,-0.032,-0.24505934715270997,3.967711128294468,True,0.08835089200804958,0.0,0.08835089200804958,34.91511366393594,34.91511366393594,0.8779939851336533,10
296,29.710000000001845,-9.11356124538122,-10.040619104612821,4.544028728931306,4.291965289138508,-0.224,-0.20988223552703858,2.8575678020715714,True,0.18436290246803377,0.0,0.18436290246803377,35.09947656640397,35.09947656640397,0.8801748105118548,10
297,29.81000000000186,-9.240986309870502,-10.405374022565002,4.321398358118707,3.340965289138507,-0.224,-0.10310041904449463,2.131698489189148,True,0.100362460175854,0.0,0.100362460175854,35.199839026579824,35.199839026579824,0.8818008808431038,10
298,29.910000000001876,-9.369315498031375,-10.666523954599166,4.062201019260018,2.425792271331411,-0.096,-0.18499823808670046,1.901646614074707,True,0.10220044230431607,0.0,0.10220044230431607,35.30203946888414,35.30203946888414,0.8834820426584387,10
299,30.01000000000189,-9.504292363348895,-10.832611303801222,3.9295041004561457,1.9659011013360568,-0.16,-0.22544066905975343,1.9514330327510834,True,0.11801999092122127,0.0,0.11801999092122127,35.42005945980536,35.42005945980536,0.8849084540919245,10
300,30.110000000001907,-9.655521846778772,-10.956673684153232,3.812119102040868,1.953187673791632,-0.224,-0.2777545928955078,2.564413085579872,True,0.17261072748182324,0.0,0.17261072748182324,35.59267018728718,35.59267018728718,0.8860160174990007,10
301,30.210000000001923,-9.833573369189562,-11.061616772741285,3.666502216335429,2.1889015670577936,-0.28800000000000003,-0.25645768642425537,2.4743532240390778,True,0.17490472661035736,0.0,0.17490472661035736,35.76757491389754,35.76757491389754,0.8872570203668766,10
302,30.31000000000194,-10.041806715344698,-11.144285576773093,3.4958479410069847,2.298983576262028,-0.28800000000000003,-0.11246333122253419,2.4637695252895355,True,0.13326340695039965,0.0,0.13326340695039965,35.90083832084794,35.90083832084794,0.8885580618479672,10
303,30.410000000001954,-10.268876740229212,-11.195902878856087,3.343626735161388,2.36253187914949,-0.096,-0.1608730435371399,2.667387932538986,True,0.1584737420900587,0.0,0.1584737420900587,36.059312062938,36.059312062938,0.8899607895912549,10
304,30.51000000000197,-10.50862460036694,-11.228168191679233,3.249600821121339,2.48009702916503,-0.16,-0.162163782119751,2.9339637085795403,True,0.14336164088047115,0.0,0.14336164088047115,36.20267370381847,36.20267370381847,0.8913439516629797,10
305,30.610000000001985,-10.76501995411474,-11.233266024783962,3.1278220151133316,2.655126862619735,-0.16,-0.2878684759140015,2.5541106462478638,True,0.1833946346102594,0.0,0.1833946346102594,36.38606833842873,36.38606833842873,0.8923297177734202,10
306,30.710000000002,-11.02320496534631,-11.204647255529407,2.969596891691557,2.5663615695805824,-0.28800000000000003,-0.2855071067810059,3.383152935653925,True,0.132454654711199,0.0,0.132454654711199,36.518522993139925,36.518522993139925,0.8936728956936408,10
307,30.810000000002017,-11.282738290237294,-11.124275496881936,2.7802203682407702,2.8813502287072676,-0.28800000000000003,-0.3905985832214356,2.1496667563915253,True,0.1292064559854966,0.0,0.1292064559854966,36.64772944912542,36.64772944912542,0.8937716874698642,10
308,30.910000000002032,-11.502365562566611,-11.002258305197737,2.494561172377948,2.2516086069658114,-0.41600000000000015,-0.1590045690536499,1.7772131264209747,True,0.06522336755371366,0.0,0.06522336755371366,36.712952816679135,36.712952816679135,0.8954088258703754,10
309,31.010000000002048,-11.63631175355179,-10.85513114648517,2.2448258446775977,1.8347462915926758,-0.16,-0.39262578487396244,1.005541443824768,True,0.008251815342793817,0.0,0.008251815342793817,36.72120463202193,36.72120463202193,0.896213720268435,10
310,31.110000000002064,-11.713454610116674,-10.732673939931425,2.13154684108749,1.1321095185405166,-0.41600000000000015,-0.3934730768203736,1.5910615622997284,True,0.06449110242926506,0.0,0.06449110242926506,36.785695734451195,36.785695734451195,0.896213720268435,10
311,31.21000000000208,-11.752633586532367,-10.617392873061092,1.9894282843807316,1.3091004796009265,-0.41600000000000015,-0.3937324285507202,2.1387407779693604,True,0.11497993492328949,0.0,0.11497993492328949,36.900675669374486,36.900675669374486,0.8968983132211864,10
312,31.310000000002095,-11.779055083520033,-10.473337841932288,1.8242496099090983,1.6290442204326223,-0.41600000000000015,-0.38632433414459233,2.6507039219141006,True,0.16519690696913325,0.0,0.16519690696913325,37.06587257634362,37.06587257634362,0.8973164693436199,10
313,31.41000000000211,-11.783091680922794,-10.291389951251663,1.6267031462082195,2.023038614619845,-0.41600000000000015,-0.27082576751708987,4.273041844367981,True,0.039018033451141465,0.0,0.039018033451141465,37.104890609794765,37.104890609794765,0.8993364383126355,10
314,31.510000000002126,-11.748282111229795,-10.050811222865873,1.422856267278785,2.8760551745615053,-0.28800000000000003,-0.026372426748275758,2.7508523166179657,True,0.1618582923463203,0.0,0.1618582923463203,37.26674890214109,37.26674890214109,0.9002055187248088,10
315,31.61000000000214,-11.672540424812194,-9.78057678252893,1.235033303728406,2.7660365184104485,-0.032,0.00943911597132683,5.9998630583286285,True,0.0,0.0,0.0,37.26674890214109,37.26674890214109,0.9018836863711323,10
316,31.710000000002157,-11.563742225064395,-9.480284298847572,1.2175068510269271,3.717036518410448,0.032,0.0018351493403315545,5.65489536523819,True,0.0,0.0,0.0,37.26674890214109,37.26674890214109,0.9040297024366608,10
317,31.810000000002173,-11.42494462391464,-9.096274694235413,1.2298291676684767,4.464355338237745,0.032,0.08892632126808167,4.176542371511459,True,0.06268525473352288,0.0,0.06268525473352288,37.32943415687461,37.32943415687461,0.9063090756847897,10
318,31.91000000000219,-11.285904186923448,-8.68840206278706,1.2801461623918142,4.21144740672428,0.096,0.17068649530410768,5.600952565670013,True,0.0,0.0,0.0,37.32943415687461,37.32943415687461,0.908755991906174,10
319,32.0100000000022,-11.168975760271211,-8.256704508625509,1.380020067313114,4.747298280087487,0.16,0.19532419443130494,5.3187978863716125,True,0.0,0.0,0.0,37.32943415687461,37.32943415687461,0.9114365302432093,10
320,32.11000000000218,-11.096377290478868,-7.777047117664107,1.56858257697118,4.967692253569696,0.224,0.008076030015945436,5.6613964438438416,True,0.017836888601073547,0.0,0.017836888601073547,37.347271045475686,37.347271045475686,0.9142827399371346,10
321,32.21000000000216,-11.10204378667464,-7.267744379085372,1.7514192439492997,5.235213387853326,0.032,-0.07466507554054261,5.562353938817978,True,0.0616584849045099,0.0,0.0616584849045099,37.4089295303802,37.4089295303802,0.9172207016607702,10
322,32.31000000000214,-11.166201287327997,-6.742023468612526,1.7444378034285737,5.36137236525499,-0.096,-0.1603043794631958,4.253742009401321,True,0.1913594694749546,0.0,0.1913594694749546,37.60028899985515,37.60028899985515,0.9199610816192964,10
323,32.41000000000212,-11.223448274885891,-6.251657976357188,1.5573548711183292,4.488427992294759,-0.16,-0.052302575111389166,3.4973397710709833,True,0.12217836731944637,0.0,0.12217836731944637,37.7224673671746,37.7224673671746,0.9222687905587973,10
324,32.5100000000021,-11.212882111357667,-5.844870038559907,1.248931387169593,3.6781674569552822,-0.032,-0.03669069409370423,5.994165450334549,True,0.004582251726685083,0.0,0.004582251726685083,37.72704961890129,37.72704961890129,0.9244864770939915,10
325,32.61000000000208,-11.114230990603517,-5.448035670349396,1.257378483750414,4.549164009819589,-0.032,-0.22012164592742922,5.2406705021858215,True,0.044699441021049724,0.0,0.044699441021049724,37.77174905992234,37.77174905992234,0.9270051562712016,10
326,32.71000000000206,-10.968185421900962,-5.003496571752803,1.2030562636449758,4.815837620554449,-0.224,-0.2756201267242432,4.817906379699707,True,0.08603029403272078,0.0,0.08603029403272078,37.85777935395506,37.85777935395506,0.9307914867313216,10
327,32.81000000000204,-10.766432814709049,-4.566876352014625,0.9359058256425363,4.816635419963561,-0.28800000000000003,-0.3098174095153809,5.999999850988388,True,0.0,0.0,0.0,37.85777935395506,37.85777935395506,0.9356442845252185,10
328,32.91000000000202,-10.458087895573447,-4.169851322021555,0.66851736231961,5.272989870891061,-0.28800000000000003,-0.20558598041534426,5.995674937963486,True,0.0,0.0,0.0,37.85777935395506,37.85777935395506,0.9385156884417193,10
329,33.010000000002,-10.033737528402531,-3.836272746165168,0.4095411324870182,5.551687234383492,-0.224,-0.028142300248146058,6.0,True,0.0,0.0,0.0,37.85777935395506,37.85777935395506,0.9413490989814656,10
330,33.11000000000198,-9.526725079358265,-3.592107738975118,0.21893627403109917,5.724575248111885,-0.032,0.07957672476768494,5.999999403953552,True,0.0033046741996119178,0.0,0.0033046741996119178,37.86108402815467,37.86108402815467,0.9449061608413968,10
331,33.21000000000196,-8.976490831774207,-3.416789072143248,0.228175404890718,5.830790236593871,0.096,-0.009841808676719667,6.0,True,0.031013295952281666,0.0,0.031013295952281666,37.892097324106956,37.892097324106956,0.9488051927730115,10
332,33.31000000000194,-8.413185809589065,-3.2542929400220073,0.3188265119303509,5.896044545956458,-0.032,-0.020552779734134677,6.0,True,0.06006271035582188,0.0,0.06006271035582188,37.95216003446278,37.95216003446278,0.9519369721330229,10
333,33.41000000000192,-7.847292018667465,-3.081919894400743,0.3074791994111654,5.93613408465408,-0.032,0.09627923369407654,5.999999850988388,True,0.12385990393345431,0.0,0.12385990393345431,38.076019938396236,38.076019938396236,0.9550823667025221,10
334,33.5100000000019,-7.279613473246956,-2.9043124665375464,0.31549480794231227,5.960763375483208,0.096,0.10129983425140382,5.999991953372955,True,0.16364938548248045,0.0,0.16364938548248045,38.239669323878715,38.239669323878715,0.9582714310522329,10
335,33.61000000000188,-6.718500893869307,-2.701373369540587,0.4637965500203786,5.975891543657096,0.096,0.021345816552639008,5.999852478504181,True,0.1786831614696811,0.0,0.1786831614696811,38.41835248534839,38.41835248534839,0.9615649494595199,10
336,33.71000000000186,-6.1782545688401065,-2.4454726183186155,0.5872595346468629,5.985131874851081,0.032,0.05934301614761353,6.0,True,0.19944336872329357,0.0,0.19944336872329357,38.61779585407169,38.61779585407169,0.9654851290272853,10
337,33.81000000000184,-5.66261015190126,-2.1413814649932896,0.6275888338775185,5.990865641145527,0.032,-0.1862622380256653,6.0,True,0.14735836856098689,0.0,0.14735836856098689,38.765154222632674,38.765154222632674,0.968804902111661,10
338,33.91000000000182,-5.166467265495623,-1.8053489050573313,0.635191863910122,5.994388229124614,-0.16,-0.095164954662323,6.0,True,0.18074145843343972,0.0,0.18074145843343972,38.94589568106611,38.94589568106611,0.972440926200653,10
339,34.0100000000018,-4.6620916952727915,-1.4814164997012202,0.4483439805116901,5.996552360941851,-0.096,-0.10538394451141359,6.0,True,0.17265892632164162,0.0,0.17265892632164162,39.11855460738775,39.11855460738775,0.9758918663633216,10
340,34.11000000000178,-4.128921065322442,-1.2076774793815974,0.3025317742969264,5.9978819136883486,-0.096,0.09910921454429628,5.999999850988388,True,0.180912167678343,0.0,0.180912167678343,39.299466775066094,39.299466775066094,0.9792542098445236,10
341,34.21000000000176,-3.5653766765927353,-1.003101153011915,0.1981138023270089,5.99869867823553,0.096,0.0344739705324173,5.999999552965164,True,0.19901042221152673,0.0,0.19901042221152673,39.49847719727762,39.49847719727762,0.9826031718951899,10
342,34.31000000000174,-2.9906178516519533,-0.8313013717238089,0.30383816549771386,5.999200349535936,0.032,-0.018253979086875916,5.99969556927681,True,0.19953820892675497,0.0,0.19953820892675497,39.69801540620438,39.69801540620438,0.9859829524149772,10
343,34.41000000000172,-2.4184881633706676,-0.6508678854614777,0.35590240076792656,5.999391326826626,-0.032,-0.06105204224586487,6.0,True,0.19754413839472185,0.0,0.19754413839472185,39.895559544599095,39.895559544599095,0.9893250121823476,10
344,34.5100000000017,-1.849942809601294,-0.4593065665658476,0.3165506002662814,5.999626056470806,-0.032,-0.07835625410079956,5.99999538064003,True,0.1928962204990995,0.0,0.1928962204990995,40.088455765098196,40.088455765098196,0.9926870932641522,10
345,34.61000000000168,-1.277292674236667,-0.28051381308692885,0.22896088831273795,5.999768483202624,-0.096,-0.03310360312461853,5.998564124107361,True,0.19969953205126445,0.0,0.19969953205126445,40.28815529714946,40.28815529714946,0.9960361832465958,10
346,34.71000000000166,-0.6943362552392298,-0.13951221522228002,0.12595695278174773,5.998710184922852,-0.032,0.03859880864620209,5.998886287212372,True,0.18582137319483102,0.0,0.18582137319483102,40.47397667034429,40.47397667034429,0.9960361832465958,10
347,34.72000000000166,-0.1027288519392983,-0.040699518480081125,0.09761762157443749,5.998778097276421,0.032,-0.0247058242559433,5.70466822385788,True,1,0.0,1.0,41.47397667034429,41.47397667034429,0.9960361832465958,10
