control_step,lap_time,x,y,yaw,velocity,steering_state,commanded_steering,commanded_speed,lidar_fresh,instantaneous_reward,cumulative_reward,progress
0,0.10999999999999999,0.0,0.0,0.0,0.0,0.0,0,7,True,0.0,0.0,0.0004235027159470536
1,0.21000000000000005,0.04022730000000001,0.0,0.0,0.9224699999999999,0.0,0,7,True,0.0,0.0,0.0018451903203083203
2,0.3100000000000001,0.17526929999999996,0.0,0.0,1.8734699999999995,0.0,-0.026486867666244508,6.0,True,0.19142971938553394,0.19142971938553394,0.004211097660123704
3,0.4100000000000002,0.4054099257854897,-0.0006046420977472552,6.279332406899867,2.8244699999999994,0.0,-0.019855207204818728,6.0,True,0.19020678433575472,0.38163650372128866,0.0076919241232672655
4,0.5100000000000002,0.7306336597912013,-0.00398088897676173,6.269843320933468,3.775469999999999,0.0,-0.004144949465990067,6.0,True,0.1872169193306169,0.5688534230519056,0.012094634444884367
5,0.6100000000000003,1.1488343991293875,-0.011610648135274609,6.259228193358612,4.621125868441667,0.0,0.014717505872249605,6.0,True,0.18402478462187816,0.7528782076737837,0.01723245070178323
6,0.7100000000000004,1.6368607284268524,-0.023452807787399627,6.258966318390905,5.152876976306625,0.0,0.008961563557386398,6.0,True,0.1861931800769434,0.9390713877507271,0.02282478644770693
7,0.8100000000000005,2.1680605514289835,-0.033470720032260065,6.276343322323001,5.4795627818034465,0.0,-0.014924627542495728,6.0,True,0.19077727685467313,1.1298486646054002,0.02869679939008147
8,0.9100000000000006,2.725826103672372,-0.03877890990283233,6.278685413441528,5.680264978629355,0.0,-0.03933510184288025,6.0,True,0.19642124408290335,1.3262699086883036,0.03473974572955138
9,1.0100000000000007,3.299828125685731,-0.04700791103218545,6.2437926263140024,5.803568076385578,-0.064,-0.028843459486961365,5.999999105930328,True,0.19688804534982196,1.5231579540381257,0.040882937803797925
10,1.1100000000000008,3.8833522005566787,-0.07160702095852264,6.193443257040301,5.879320036037927,0.0,0.05294556021690369,5.998585432767868,True,0.18201108429039933,1.705169038328525,0.04708139383876798
11,1.2100000000000009,4.472125639465921,-0.11235324492857154,6.202861279413022,5.925313724214111,0.064,-0.038912835717201236,5.999894052743912,True,0.19385245896328324,1.8990214972918082,0.05332105483831356
12,1.310000000000001,5.06481301896882,-0.15087519117190323,6.242115768229539,5.954074995031365,-0.064,-0.1034281849861145,5.946166127920151,True,0.1745394060112339,2.073560903303042,0.05956766292242551
13,1.410000000000001,5.658160281972943,-0.194463441573803,6.149448246908318,5.9471252900043,-0.128,-0.02945224642753601,5.352191388607025,True,0.1434652881200051,2.2170261914230474,0.0654380696744518
14,1.5100000000000011,6.215773266833495,-0.2742686969743269,5.961359524472938,5.427047223893819,0.0,0.2012269973754883,5.520142823457718,True,0.159098237085955,2.3761244285090024,0.07100123146665736
15,1.6100000000000012,6.744201940220253,-0.40494815325119615,5.973075113773188,5.462948751866868,0.192,0.1759350299835205,3.6171811390668154,True,0.04955184381880448,2.4256762723278067,0.07617552099172345
16,1.7100000000000013,7.235692759933707,-0.5130545395431925,0.008594800080033771,4.511948751866864,0.192,0.049423190951347354,4.352062031626701,True,0.1809093840369027,2.606585656364709,0.08082027076900397
17,1.8100000000000014,7.676884128205727,-0.5168304889391766,0.28367872769171526,4.371452581203131,0.064,-0.0902828097343445,3.996540106832981,True,0.16479758398204805,2.7713832403467573,0.08511264411070903
18,1.9100000000000015,8.08460427645233,-0.43131086612063074,0.35500401111321694,4.042008291496326,-0.064,-0.2854682207107544,2.7435860633850098,True,0.022649005678548023,2.7940322460253055,0.08878113475622461
19,2.010000000000001,8.433063609031436,-0.3355943539533041,0.24236012231704387,3.1019405637095536,-0.256,-0.2621960163116455,3.278185449540615,True,0.08850949567125807,2.8825417416965635,0.09205249649200822
20,2.109999999999999,8.743800813300842,-0.2987125546161586,6.281435876923148,3.1699079083360604,-0.256,-0.25531797409057616,4.000883236527443,True,0.15691383192728553,3.039455573623849,0.09622175622824086
21,2.209999999999997,9.074365678018578,-0.33124897174156587,6.077223338822042,3.490366492090064,-0.256,-0.278372859954834,5.98318612575531,True,0.0,3.039455573623849,0.10032548914453769
22,2.3099999999999947,9.450477206794266,-0.43829800095673643,5.915173171179586,4.40131261586267,-0.256,0.023413804173469544,2.8690092861652374,True,0.046414754048300325,3.0858703276721493,0.10922313711315612
23,2.4099999999999926,9.810484425469795,-0.6053179080661807,5.5974186159847585,3.4503126158626687,0.0,-0.22086286544799805,3.898048758506775,True,0.17100889641292402,3.2568792240850732,0.11208023408303497
24,2.5099999999999905,10.095036496302367,-0.813920939211365,5.516759529489494,3.6229782598349107,-0.192,-0.3018364906311035,5.6758803725242615,True,0.0,3.2568792240850732,0.1158146098489605
25,2.6099999999999883,10.36973998396522,-1.105390741075151,5.371926456533337,4.413039969753689,-0.32000000000000006,-0.07891745567321778,2.558305025100708,True,0.04667674402113936,3.3035559681062128,0.12014480585367684
26,2.709999999999986,10.586604619831947,-1.4388051050469075,4.976775537331526,3.462039969753688,-0.064,0.04372032880783081,6.0,True,0.0,3.3035559681062128,0.12424561245141034
27,2.809999999999984,10.711753407777021,-1.806243588223657,4.961906671601944,4.380978603192127,0.064,0.0339443176984787,6.0,True,0.0,3.3035559681062128,0.12915394660131774
28,2.909999999999982,10.844051368257125,-2.2558647864434613,5.02752317825155,5.005340466037936,0.064,-0.04239032864570618,6.0,True,0.004955685443228608,3.3085116535494414,0.13456084788749711
29,3.00999999999998,11.004892598259215,-2.749650830672524,5.0464556659148245,5.388922474741676,-0.064,-0.05783030390739441,6.0,True,0.029049659738084238,3.3375613132875257,0.14034022092960535
30,3.1099999999999777,11.173511585395863,-3.2736154243870788,4.989913874984104,5.624579336822523,-0.064,0.07222561240196228,6.0,True,0.04726491555687981,3.3848262288444055,0.14645228656508977
31,3.2099999999999755,11.331749783919989,-3.820729124993235,4.962480359520187,5.769357129799469,0.064,0.12169100046157838,6.0,True,0.08128561258710099,3.4661118414315064,0.15236896169095637
32,3.3099999999999734,11.498705108218678,-4.377479194090384,5.0766839789919125,5.858302595482896,0.128,-0.11707460880279541,6.0,True,0.12481606872803899,3.5909279101595453,0.15888346316084764
33,3.4099999999999713,11.707906899460147,-4.927366473661464,5.196744744033855,5.912946997106709,-0.128,-0.12041736841201783,5.999407976865768,True,0.17583109680037096,3.766759006959916,0.16504834504078364
34,3.509999999999969,11.940156499658066,-5.472910474159841,5.078461452973251,5.946289940252657,-0.128,0.03512228727340699,5.9999988079071045,True,0.17258805145919154,3.9393470584191075,0.17128136039780636
35,3.609999999999967,12.145818168087418,-6.031772642195096,4.9443520232555,5.967002309296196,0.064,-0.00684230923652649,6.0,True,0.19230435290900433,4.131651411328112,0.1775614440615163
36,3.709999999999965,12.319540222745708,-6.603227931868938,4.9700330237102746,5.979727588701432,0.0,-0.09605553150177003,6.0,True,0.18971462576878664,4.321366037096898,0.18381852932882067
37,3.8099999999999627,12.474616235125835,-7.181107436787771,4.931532244013384,5.987545472089326,-0.096,-0.023120769858360292,6.0,True,0.1958373859566943,4.5172034230535925,0.19022693849668298
38,3.9099999999999606,12.600143896749646,-7.766708704917078,4.8306318451933015,5.992348455090357,-0.032,0.11052258014678956,6.0,True,0.17435591115469085,4.691559334208283,0.19651369116008074
39,4.009999999999959,12.69530486423397,-8.35845776259237,4.837929426652721,5.995299208454613,0.096,0.10275716781616212,6.0,True,0.18092687733304097,4.872486211541324,0.20281028780817828
40,4.109999999999957,12.800167693679068,-8.948744560630017,4.9939918914672665,5.997112028823704,0.096,-0.0784667193889618,5.9999916553497314,True,0.18702849123351326,5.0595147027748375,0.20912438903095684
41,4.209999999999955,12.955638692854915,-9.52779594248964,5.109005896841902,5.998222532357279,-0.096,-0.16257060766220094,6.0,True,0.17774002150421242,5.23725472427905,0.21549027703602544
42,4.3099999999999525,13.136602126418738,-10.099686793744189,4.9689460779115295,5.9989079976703055,-0.16,-0.009789398312568665,5.9723391234874725,True,0.1921473401122602,5.429402064391311,0.22178662184145026
43,4.40999999999995,13.273259431974921,-10.682000582839658,4.753701043169867,5.975561311491943,-0.032,0.23366687297821045,6.0,True,0.1564332357940768,5.585835300185387,0.22803544746452412
44,4.509999999999948,13.34771602648483,-11.27521199686631,4.751616890673384,5.9849858843311186,0.224,0.22416491508483888,6.0,True,0.16458291038376513,5.750418210569152,0.23430517556972102
45,4.609999999999946,13.432122125423948,-11.867715067061598,5.044282629891786,5.990775950630729,0.224,-0.3356380939483643,6.0,True,0.11732781656822729,5.86774602713738,0.24056152728135427
46,4.709999999999944,13.618595906546982,-12.435986041697765,5.351457138676719,5.994333126995746,-0.032,-0.26746702194213867,5.999998956918716,True,0.16331939275119167,6.031065419888572,0.2466202955968445
47,4.809999999999942,13.896340206916795,-12.96710128579486,5.269323379187261,5.9965181062259445,-0.28800000000000003,-0.08839378356933594,5.9990414083004,True,0.19392768192028326,6.224993101808855,0.25296392112075294
48,4.90999999999994,14.15443807691475,-13.507910165918359,4.909621801200672,5.997491196258501,-0.096,0.1316670298576355,6.0,True,0.17155339481662987,6.396546496625485,0.2598840124221427
49,5.009999999999938,14.322644380138135,-14.082970229484102,4.78455368048042,5.998458695131984,0.16,0.04124242067337036,5.9992842972278595,True,0.18877741217111574,6.5853239087966005,0.26597808916293836
50,5.1099999999999355,14.440835153818792,-14.671058418902948,4.928698910919604,5.998777081574293,0.032,-0.15298079252243044,5.844522923231125,True,0.1271570672059994,6.7124809760026,0.27205197491031047
51,5.209999999999933,14.56522235771523,-15.24939513788268,4.973879373213585,5.863230373732522,-0.16,0.04047276675701142,5.568328410387039,True,0.1577346800207882,6.8702156560233885,0.27784434826009896
52,5.309999999999931,14.676683076528535,-15.808808249375174,4.813673908885958,5.604093176415436,0.032,0.24747385978698733,5.637361615896225,True,0.10074916200426937,6.9709648180276576,0.2834843983611175
53,5.409999999999929,14.767287856404586,-16.3624706593901,4.878178498350691,5.616922867788973,0.224,0.15466262102127076,3.5856235530227423,True,0.12285560637795148,7.093820424405609,0.28880323844932637
54,5.509999999999927,14.889174250764254,-16.866383868219177,5.260837901896509,4.665922867788969,0.16,-0.060491001605987554,5.43161740899086,True,0.0027414132204387764,7.096561837626048,0.2938517019320581
55,5.609999999999925,15.109249702676154,-17.292489341233086,5.428796734257221,4.9612064700058776,-0.032,-0.05648691058158875,3.9075125232338905,True,0.1441045260920386,7.240666363718087,0.2985722455429833
56,5.709999999999923,15.374077933704285,-17.66138905209298,5.413425867149652,4.115263313981966,-0.032,-0.013831345736980439,2.7485837638378143,True,0.14853070444005617,7.389197068158143,0.30237890433224157
57,5.809999999999921,15.600368151150082,-17.95250661470962,5.393646121704942,3.1642633139819663,-0.032,-0.1390633225440979,2.778049021959305,True,0.17082091121759133,7.5600179793757345,0.3061766984229268
58,5.909999999999918,15.780254149306046,-18.18706692634835,5.339135350724916,2.8248878548864056,-0.16,-0.2952438354492188,2.5892136096954346,True,0.16623629862233325,7.726254277998068,0.30888990926953575
59,6.009999999999916,15.918990890646429,-18.418032136308153,5.176290441186795,2.617795427675057,-0.28800000000000003,-0.25970723628997805,2.525109112262726,True,0.15599378190531074,7.882248059903379,0.31157967532309844
60,6.109999999999914,16.000611616802505,-18.660985586106833,4.957414412905331,2.5363498118740497,-0.28800000000000003,-0.3992732286453247,3.001226283609867,True,0.16783739552273572,8.050085455426114,0.31430638569042924
61,6.209999999999912,16.02677493057605,-18.921416360952964,4.730840979582225,2.71562547830961,-0.41600000000000015,-0.3999473571777344,3.2890332341194153,True,0.13442864288815798,8.184514098314272,0.3178855513503795
62,6.30999999999991,15.979620810037167,-19.198964031179244,4.437930557860252,2.9367553134640554,-0.41600000000000015,-0.3999967575073242,3.7746997959911823,True,0.09356021220650035,8.278074310520772,0.3268143970365648
63,6.409999999999908,15.846388373608212,-19.47723443718013,4.135829896780123,3.25990149244818,-0.41600000000000015,-0.34842493534088137,2.2667224556207657,True,0.12672584536642195,8.404800155887195,0.3286072992575063
64,6.509999999999906,15.657052218659704,-19.688125021606638,3.719677683366573,2.448449280477655,-0.3520000000000001,-0.24791057109832765,1.3497368097305298,True,0.04184695264096991,8.446647108528165,0.3298885763959441
65,6.6099999999999035,15.477471103579902,-19.779703932340716,3.432287831782883,1.5796869725929665,-0.224,-0.012334922701120377,2.2350426614284515,True,0.07391988727490208,8.520566995803067,0.332322419070297
66,6.709999999999901,15.310318818073394,-19.812153918380726,3.3467531354965883,1.832419332717839,-0.032,-0.35747609138488773,5.3229736387729645,True,0.0,8.520566995803067,0.3346658087322776
67,6.809999999999899,15.08772700130409,-19.851304483363503,3.3085432873358256,2.783419332717839,-0.28800000000000003,-0.3314305067062378,5.957356005907059,True,0.0,8.520566995803067,0.3380899402510418
68,6.909999999999897,14.76742946257273,-19.869302629488853,3.1362188794609334,3.7344193327178385,-0.3520000000000001,-0.23129894733428957,4.045487590134144,True,0.08076910831495111,8.601336104118019,0.34122302476227867
69,7.009999999999895,14.391498416342737,-19.82379275617246,2.8668406695286968,3.854380166500255,-0.224,-0.08951596021652222,5.999999850988388,True,0.0,8.601336104118019,0.34566941419119196
70,7.109999999999893,13.98717687200237,-19.693021668748937,2.7373490635771596,4.675727011519193,-0.096,0.0724996566772461,6.0,True,0.0,8.601336104118019,0.3507542474187612
71,7.209999999999891,13.532969498811772,-19.50246707783962,2.711978815284153,5.186421651895452,0.096,-0.01983665078878403,6.0,True,0.0,8.601336104118019,0.35616520613809355
72,7.309999999999889,13.040956162367129,-19.294884173549324,2.7700416708074735,5.50017123790778,-0.032,-0.1402902603149414,6.0,True,0.0,8.601336104118019,0.36167790087191637
73,7.4099999999998865,12.524873862791583,-19.07893152264571,2.709645877721417,5.692925958518088,-0.16,-0.005710557848215104,6.0,True,0.0005091790987030997,8.601845283216722,0.3677821870348802
74,7.509999999999884,12.009380398532866,-18.824360651858797,2.5595278493793696,5.811346456819872,-0.032,0.16062237024307252,6.0,True,0.025813039575583563,8.627658322792305,0.37403434466536856
75,7.609999999999882,11.504793330545663,-18.529055345107306,2.568025768718573,5.884099094854579,0.16,0.12401819229125977,6.0,True,0.08375952200216402,8.71141784479447,0.3801859902126499
76,7.70999999999988,10.988638062813877,-18.242284311476958,2.763173912040111,5.928795295401888,0.096,-0.0768397867679596,6.0,True,0.13691623311736426,8.848334077911835,0.38648914030080966
77,7.809999999999878,10.443352440443425,-18.0067712552313,2.8752521194218192,5.956254785495048,-0.096,-0.11463465690612794,6.0,True,0.17319989866766883,9.021533976579503,0.39272319570252867
78,7.909999999999876,9.884068006100282,-17.799529138933934,2.7565956031068293,5.973124756251922,-0.096,-0.03850529789924622,6.0,True,0.19840763699428704,9.21994161357379,0.3990030595890884
79,8.009999999999874,9.333856208141247,-17.566125601793996,2.6155246170840276,5.983488965943078,-0.032,0.15852274894714358,6.0,True,0.16618519460735737,9.386126808181146,0.40535585521431416
80,8.109999999999872,8.802336667038862,-17.290821871932657,2.597688094759399,5.989856306116355,0.16,0.13201459646224975,6.0,True,0.1782375009739862,9.564364309155133,0.4117294092766558
81,8.20999999999987,8.268327719488319,-17.019313038941416,2.792759199706578,5.993768135584339,0.16,-0.0924623191356659,6.0,True,0.18024661803953404,9.744610927194667,0.4179884672887805
82,8.309999999999867,7.708091277009674,-16.807152646480475,2.974558224118215,5.996171401213339,-0.096,-0.17741491794586184,6.0,True,0.17630086603077344,9.920911793225441,0.4245269338893552
83,8.409999999999865,7.131495733515886,-16.642414928153784,2.861123651029747,5.997647867846357,-0.16,0.02156951576471329,5.999511688947678,True,0.18048325477259167,10.101395047998032,0.4305496896553967
84,8.509999999999863,6.5635843696119185,-16.45014717660093,2.647897177332238,5.9983666346379065,0.032,0.11137101650238038,6.0,True,0.1762243740205619,10.277619422018594,0.4372168598044371
85,8.60999999999986,6.013090344723008,-16.21198904781958,2.686463730612706,5.998996528129244,0.096,-0.026382869482040407,5.998802691698074,True,0.1905241945363085,10.468143616554903,0.4435048189573002
86,8.709999999999859,5.462367736890265,-15.974209229968832,2.808869726148688,5.998826199559907,-0.032,-0.1416330099105835,5.998432546854019,True,0.17090163104257045,10.639045247597473,0.4498180977903667
87,8.809999999999857,4.905412710791618,-15.751438165519565,2.7502451660728844,5.998480287793967,-0.16,-0.0837531328201294,5.98459979891777,True,0.14829545432201602,10.787340701919488,0.4560647026948661
88,8.909999999999854,4.360870036909576,-15.502110906526985,2.564279023134575,5.986283180172291,-0.096,-0.008589475601911546,5.449469745159149,True,0.15186893595052064,10.93920963787001,0.4621494068002441
89,9.009999999999852,3.8714545854428977,-15.210520182760213,2.39424226278561,5.515621376816936,-0.032,0.23313393592834475,5.598246216773987,True,0.09316249125468853,11.032372129124697,0.4679120187705491
90,9.10999999999985,3.434161781003516,-14.872115988502745,2.395454043346618,5.54748494520129,0.224,0.1312233090400696,3.633182117715478,True,0.11465547381247497,11.147027602937172,0.47331375558250205
91,9.209999999999848,3.025526699921108,-14.564027080860031,2.698643864217005,4.596484945201286,0.16,0.1281563639640808,3.974241189658642,True,0.17771512970408393,11.324742732641255,0.4767106551552218
92,9.309999999999846,2.64391376954276,-14.374946682179912,3.0509932147926038,4.054141765999279,0.16,-0.08609824180603028,4.4214067459106445,True,0.0737279292067516,11.398470661848007,0.4819045656799777
93,9.409999999999844,2.237397420394926,-14.311999834926773,3.1694142588259697,4.19577438893286,-0.096,-0.11538804769515992,2.4994151890277863,True,0.12654973383261842,11.525020395680626,0.484973644216016
94,9.509999999999842,1.861159936297327,-14.29178662579308,3.0930904191336968,3.2447743889328597,-0.096,-0.14536818265914916,2.7398402839899063,True,0.16171617836177077,11.686736574042396,0.4882442444746807
95,9.60999999999984,1.5657201870725315,-14.25963819332691,2.9592988850662985,2.801217621879072,-0.16,-0.16570321321487427,2.8439126014709473,True,0.17922943617624526,11.86596601021864,0.4910841581323273
96,9.709999999999837,1.2935558542289824,-14.191030345063988,2.830472204824144,2.817682578453893,-0.16,-0.05584770441055298,2.9087697938084602,True,0.16118305343945333,12.027149063658094,0.49466039888808516
97,9.809999999999835,1.0297737725160223,-14.087417202426376,2.728210987833156,2.8528095900995356,-0.032,-0.2638030290603638,2.6500846296548843,True,0.17415776774474168,12.201306831402835,0.4975989043339921
98,9.909999999999833,0.7820738844999523,-13.969664809670132,2.655983552095608,2.674670463862861,-0.28800000000000003,-0.21779091358184816,2.6119247674942017,True,0.16271440102899237,12.364021232431828,0.5031997093368087
99,10.009999999999831,0.5648678516686918,-13.820027908697147,2.4727714079933536,2.6195343646784868,-0.224,-0.39903805255889896,2.8348530679941177,True,0.17599423406916045,12.540015466500988,0.50559377919897
100,10.109999999999829,0.37681650579612375,-13.632636281183066,2.278169940226467,2.702570195441905,-0.41600000000000015,-0.3996936321258545,3.2042938508093357,True,0.13518831462675382,12.675203781127742,0.509049008444496
101,10.209999999999827,0.23791723573334078,-13.39085118081505,1.985258095317251,2.8960556655639476,-0.41600000000000015,-0.3972256898880005,3.715386189520359,True,0.08024670088975801,12.7554504820175,0.5117545128459813
102,10.309999999999825,0.16546829151118608,-13.095495754379165,1.685047050073013,3.2120235293812307,-0.41600000000000015,-0.2802025318145752,2.9953451305627823,True,0.16298952246149917,12.918440004478999,0.5149365190422123
103,10.409999999999823,0.17916225317505044,-12.787367515926451,1.347352322568659,3.0216231931068105,-0.28800000000000003,-0.2225735902786255,2.7071475833654404,True,0.17773883558709802,13.096178840066097,0.5171096854025096
104,10.50999999999982,0.26841295339696664,-12.517254733106414,1.109035075186275,2.745286178566521,-0.224,-0.3640889883041382,2.693447008728981,True,0.18170395295873853,13.277882793024835,0.5191123161092094
105,10.609999999999818,0.4127589626292958,-12.287899457150777,0.9023268983535192,2.699733897291245,-0.3520000000000001,-0.3406970739364624,3.10964173078537,True,0.14784285941894112,13.425725652443775,0.5224889832997252
106,10.709999999999816,0.6174712179586104,-12.101304390806694,0.6408158047450353,2.857811374846566,-0.3520000000000001,-0.12954856157302858,3.2385672479867935,True,0.11686900041756082,13.542594652861336,0.5245634451481509
107,10.809999999999814,0.8738797154101154,-11.96064549382355,0.40933579549034044,3.0046466462716577,-0.16,-0.26900343894958495,4.462375923991203,True,0.011953608795991055,13.554548261657327,0.5280310515151625
108,10.909999999999812,1.1824527307384285,-11.850296545184541,0.2711101021466274,3.5668075720978023,-0.28800000000000003,-0.11990927457809449,1.8941039443016052,True,0.10566799938154561,13.660216261038872,0.5311971108842758
109,11.00999999999981,1.490988619411773,-11.794903539168446,6.270357369314808,2.6158075720978027,-0.096,-0.11400467157363892,5.999825656414032,True,0.0,13.660216261038872,0.5340391885398321
110,11.109999999999808,1.7950116548353472,-11.801782869665093,6.2094217831824094,3.5668075720978023,-0.096,0.007742752134799958,5.5888181030750275,True,0.0,13.660216261038872,0.538013868841814
111,11.209999999999805,2.1880352796618827,-11.839180201797292,6.171561512881561,4.345903686306163,0.032,0.028336146473884584,4.237073197960854,True,0.06894578204369498,13.729162043082567,0.5422589599125418
112,11.309999999999803,2.614555107539785,-11.882703489287726,6.1876473089277555,4.2502718111822455,0.032,0.0347828209400177,4.294409140944481,True,0.08080592799146738,13.809967971074034,0.5465759927916083
113,11.409999999999801,3.0387919636896688,-11.919695650546501,6.221573205393804,4.267292997860644,0.032,-0.08418580293655396,4.3498648554086685,True,0.07707355018425899,13.887041521258293,0.5521290530616252
114,11.509999999999799,3.4662970516415066,-11.945546184082469,6.231516889973898,4.2991361340285605,-0.096,-0.05854737162590027,4.56282003223896,True,0.08876313856047853,13.975804659818772,0.5567633313386929
115,11.609999999999797,3.8996617545044034,-11.98167397244812,6.158092825470564,4.400823591781553,-0.032,-0.05386782288551331,4.606451824307442,True,0.11410122983145797,14.08990588965023,0.5616693348234207
116,11.709999999999795,4.339809602774389,-12.039420978419017,6.104615318087227,4.48012237471715,-0.032,-0.10202971696853638,4.573456034064293,True,0.12262661877115026,14.212532508421381,0.5673690892232248
117,11.809999999999793,4.781631625392923,-12.123128565034957,6.029155055961083,4.516115708425459,-0.096,-0.08351715207099915,4.840201199054718,True,0.11482653822266913,14.32735904664405,0.5731959838880526
118,11.90999999999979,5.222378015742404,-12.246120646405112,5.922450885102851,4.641096527733677,-0.096,-0.018977950513362887,5.868544936180115,True,0.03994523257769178,14.367304279221742,0.5783465138962086
119,12.009999999999788,5.679315729825866,-12.415224182316086,5.876091069484074,5.114451590462157,-0.032,-0.02916117608547211,5.48882669210434,True,0.10612326743808098,14.473427546659822,0.583843753212049
120,12.109999999999786,6.158047792806499,-12.614383055069453,5.865632950095675,5.258826171505536,-0.032,0.05827239155769348,4.8793763518333435,True,0.1769871139010386,14.65041466056086,0.5891577237207815
121,12.209999999999784,6.621479693962362,-12.816194161297506,5.865499964232876,4.925394811209263,0.032,-0.02758694887161255,4.401396572589874,True,0.14930656039521054,14.799721220956071,0.5940394774099725
122,12.309999999999782,7.048771702865727,-12.998483225179484,5.8997944423690605,4.465628982226632,-0.032,0.024928048253059387,3.7368490770459175,True,0.11906205730181889,14.91878327825789,0.5983525766215534
123,12.40999999999978,7.427975043714834,-13.156171559736652,5.900365436385896,3.8381278318172254,0.032,0.023701544106006625,3.4813630164135247,True,0.1088545364540267,15.027637814711918,0.6021771640918725
124,12.509999999999778,7.7668143458739936,-13.290823638874176,5.92013266146728,3.524630311094534,0.032,0.16294296979904177,3.181008756160736,True,0.12884369800132828,15.156481512713246,0.605009988786381
125,12.609999999999776,8.081114415129775,-13.403504587191726,5.985732005696956,3.2226820782882104,0.16,0.15875816345214844,3.4458280811086297,True,0.16041865418058598,15.31690016689383,0.6084446178466151
126,12.709999999999773,8.398797965347995,-13.477907851582207,6.126635811991644,3.308736440684069,0.16,0.15763678550720217,3.4565955670550466,True,0.17239547358997548,15.489295640483807,0.6119209259612188
127,12.809999999999771,8.730395668215175,-13.512985158270327,6.255314192170943,3.36575705805315,0.16,0.1579322934150696,3.3906534165143967,True,0.17305165426802444,15.66234729475183,0.6147882749145976
128,12.90999999999977,9.067125762645125,-13.505580965390072,0.10491503341410674,3.375358127426038,0.16,0.20459527969360353,3.387733245268464,True,0.1927762876096601,15.855123582361491,0.6177330539364146
129,13.009999999999767,9.400093124206592,-13.451082381327627,0.2645694744568349,3.3801304866081137,0.224,0.21811344623565676,3.3125925101339817,True,0.182578405883925,16.037701988245416,0.6217378839541006
130,13.109999999999765,9.714938389809458,-13.339955071913426,0.46301947379964414,3.320783299707664,0.224,0.1595613241195679,3.540915603749454,True,0.17222576074632606,16.209927748991742,0.6246922253311545
131,13.209999999999763,10.005364817264894,-13.171289168483202,0.6299387324022817,3.405675454743452,0.16,0.24602346420288088,3.581575633957982,True,0.17094731625465898,16.3808750652464,0.6281166721100325
132,13.30999999999976,10.271473509425391,-12.954155221242642,0.7939604490902492,3.4735098661884347,0.224,0.23745076656341554,3.4942573258886114,True,0.1826274880034021,16.5635025532498,0.6318180187098458
133,13.409999999999759,10.492999439955007,-12.686917094317531,1.020370789748932,3.4815109479612025,0.224,0.03304465413093567,3.6763502694666386,True,0.13583251631458992,16.69933506956439,0.635711750600921
134,13.509999999999756,10.657833665440922,-12.376559808020698,1.1984981187547739,3.5566490789152456,0.032,-0.03786306083202362,2.630418971180916,True,0.08310607346044463,16.782441143024837,0.6389965457726519
135,13.609999999999754,10.777310441388769,-12.084813201387723,1.2397460469656938,2.787384913310816,-0.032,-0.020810246467590332,3.1944105997681618,True,0.14470862315348762,16.927149766178324,0.6419913270266803
136,13.709999999999752,10.87878094235041,-11.81696041270773,1.213783684469414,2.9443509153189784,-0.032,0.03506633043289185,3.8315849602222443,True,0.12526934832721295,17.052419114505536,0.6449803642369613
137,13.80999999999975,10.987989877984772,-11.525553662732099,1.2181596280707954,3.2865051957677887,0.032,0.09870114326477052,3.373413424938917,True,0.1825337394358462,17.234952853941383,0.647625042958784
138,13.909999999999748,11.093602967756848,-11.212652695967368,1.279463201519117,3.320020616854194,0.096,0.14559932947158813,3.3406119272112846,True,0.19196692592099587,17.42691977986238,0.6517345345068274
139,14.009999999999746,11.17343788157076,-10.890149866673154,1.3933958239239193,3.3279614809578666,0.16,0.13615158796310425,3.5911221653223038,True,0.17349777309649342,17.600417552958874,0.6540908345886092
140,14.109999999999744,11.215607268478488,-10.555237935959903,1.5217668810690246,3.429447165731096,0.16,0.11733809709548951,3.947877086699009,True,0.14199896781902888,17.7424165207779,0.657687048594723
141,14.209999999999742,11.217427791710925,-10.202675685639603,1.6357617733390415,3.629375265414478,0.096,0.11937621831893921,3.83782746642828,True,0.15674617334060084,17.899162694118502,0.6615060655959748
142,14.30999999999974,11.181627762631747,-9.83770459136694,1.7404212278668139,3.70976308783356,0.096,0.137283992767334,3.937500476837158,True,0.15684362532900042,18.0560063194475,0.6654513988737915
143,14.409999999999737,11.105603062500236,-9.470420570521027,1.8598580212684146,3.7975880793489756,0.16,0.10789185762405396,4.205293789505959,True,0.12883026528532696,18.184836584732828,0.6695151758135505
144,14.509999999999735,10.981930568329105,-9.103455234927928,1.984668081217589,3.9548163267262986,0.096,0.029903638362884524,4.213648051023483,True,0.11430313536730007,18.29913972010013,0.6736594449266425
145,14.609999999999733,10.816101773613747,-8.739142331342126,2.0598836651356294,4.0546325847846605,0.032,0.022370678186416627,4.013387620449066,True,0.12547100281739418,18.424610722917524,0.6777890260629212
146,14.70999999999973,10.630355731543233,-8.38124970267204,2.077457141645066,4.018389677683876,0.032,0.04403464496135712,3.485994359012693,True,0.16100273946792656,18.58561346238545,0.6815814274180105
147,14.809999999999729,10.447455623543252,-8.05566063770092,2.1176804139173235,3.5514843272894114,0.032,0.1702953100204468,2.9577669724822044,True,0.13751310631923253,18.723126568704682,0.6842389310546815
148,14.909999999999727,10.272385692419322,-7.783194817380025,2.210917271483003,3.03244061602308,0.16,0.15499489307403566,3.4317607702687383,True,0.17402362060736254,18.897150189312043,0.6874136027921542
149,15.009999999999724,10.071057962155662,-7.546712935156748,2.343631372796885,3.1864350449220833,0.16,0.1502071261405945,3.4895321449730545,True,0.18014424135510274,19.077294430667145,0.690459944101633
150,15.109999999999722,9.832446841200637,-7.327262116083957,2.46519178879801,3.3033218695089017,0.16,0.17309192419052125,3.7561678364872932,True,0.16759634002915458,19.244890770696298,0.6938535514658737
151,15.20999999999972,9.556786467126738,-7.130571969539381,2.6013546945979966,3.4779580738742673,0.16,0.2679902076721192,3.521655873861164,True,0.18756703470049096,19.432457805396787,0.6974945327640812
152,15.309999999999718,9.246422111409359,-6.972848995727511,2.7922299826606323,3.494809759624607,0.28800000000000003,0.11536319255828859,3.4877323827240616,True,0.175093101082466,19.607550906479254,0.7012631622536314
153,15.409999999999716,8.909917331687858,-6.882174374610066,3.0204363242201224,3.488590704337357,0.096,0.037848743796348575,3.8110454976558685,True,0.14755672773272027,19.755107634211974,0.7051026332343443
154,15.509999999999714,8.557256254360802,-6.843356757316235,3.101536517088538,3.6129426590655984,0.032,-0.13596489429473876,5.998972117900848,True,0.0,19.755107634211974,0.7093903099864358
155,15.609999999999712,8.154479590156669,-6.824147168684419,3.0937727902822143,4.501479572094708,-0.16,0.12976419925689697,5.999479204416275,True,0.0,19.755107634211974,0.7141545493742371
156,15.70999999999971,7.67782050657834,-6.783385536621252,3.0040587992856898,5.07917041844343,0.096,0.27499797344207766,4.901747763156891,True,0.08419788967988583,19.83930552389186,0.7184009113175963
157,15.809999999999707,7.18105064774109,-6.74582527183889,3.1732250896806717,4.923265014796975,0.28800000000000003,0.3978828191757202,4.335650786757469,True,0.11792239540291738,19.957227919294777,0.7218254686277505
158,15.909999999999705,6.724574006476876,-6.797974214593046,3.6712082028962945,4.409410417361686,0.41600000000000015,0.19886498451232912,4.74031089246273,True,0.12337893806116373,20.080606857355942,0.726507567069541
159,16.009999999999703,6.344365595214787,-7.026248864799824,4.094883643527957,4.537019377600257,0.224,-0.39880626201629643,3.6367209292948246,True,0.04453473425595471,20.125141591611897,0.7307362620173907
160,16.10999999999972,6.089608320531671,-7.350013803470025,4.48285463310672,3.784656218083839,-0.032,-0.33903467655181885,3.3102039098739624,True,0.04047557985981595,20.165617171471713,0.7344464243026604
161,16.209999999999734,5.955676935661931,-7.67605682043952,4.498309678674759,3.367743966922954,-0.3520000000000001,-0.3526846170425415,3.175760790705681,True,0.01441000498062095,20.180027176452334,0.7370759757887219
162,16.30999999999975,5.825888448543621,-7.974990612553473,4.173355702618155,3.1990438957108354,-0.3520000000000001,-0.21914730072021485,3.225894220173359,True,0.0,20.180027176452334,0.7401139005267324
163,16.409999999999766,5.627333680964637,-8.225292636809051,3.883442716821447,3.209398495490979,-0.224,-0.3701236963272095,2.4740220457315445,True,0.0,20.180027176452334,0.7422192876615886
164,16.50999999999978,5.40208592635379,-8.397861609174782,3.5998598704124647,2.576807271963953,-0.3520000000000001,-0.0774568498134613,2.472909152507782,True,0.0,20.180027176452334,0.7453833229560509
165,16.609999999999797,5.163218322532499,-8.476019245546437,3.356616633598947,2.485509583820567,-0.096,-0.25326404571533206,2.921488866209984,True,0.0,20.180027176452334,0.7474248956719868
166,16.709999999999813,4.909603925423085,-8.515069038491019,3.250504380665157,2.65364129440298,-0.224,-0.14299453496932985,4.036516904830933,True,0.05600578908854367,20.23603296554088,0.7511359764060788
167,16.809999999999828,4.618265804311809,-8.518413015187836,3.1153262434185356,3.186935538637908,-0.16,-0.13460584878921508,5.999926835298538,True,0.13742972038322737,20.373462685924107,0.7538355128344336
168,16.909999999999844,4.2579791130605065,-8.49010171140411,3.0231902138452162,4.135895229794121,-0.16,0.03242107331752777,5.999986439943314,True,0.10045678706348418,20.473919472987593,0.7590864143626862
169,17.00999999999986,3.814220607507228,-8.423337991626306,2.9470144469447614,4.854766186520187,0.032,-0.0813671350479126,6.0,True,0.13501698293756312,20.608936455925157,0.764053043033127
170,17.109999999999875,3.3149838993112843,-8.334333366959225,2.9504676467495017,5.296415888363577,-0.096,-0.14021866321563722,6.0,True,0.15325424884323213,20.76219070476839,0.7697656596393392
171,17.20999999999989,2.78493914040947,-8.217212508504563,2.8404533138400434,5.5677471304806705,-0.16,0.07567395567893982,5.999999850988388,True,0.11407777672692729,20.876268481495316,0.7756986310582148
172,17.309999999999906,2.2469655025545023,-8.045507957989056,2.703100191078383,5.734441724096589,0.096,0.16328907012939453,6.0,True,0.12473134860329486,21.00099983009861,0.7817492890020487
173,17.409999999999922,1.7052665250645047,-7.842611989211139,2.8205237934708154,5.836852019701132,0.16,-0.08758889436721802,5.9999938905239105,True,0.197651090703527,21.198650920802137,0.7879178254247489
174,17.509999999999938,1.14311833002763,-7.675347547246609,3.0158178163465945,5.899766297780403,-0.096,-0.14765734672546388,5.999987632036209,True,0.19611883964748283,21.39476976044962,0.7941470821465761
175,17.609999999999953,0.5657725174048017,-7.54509282878985,2.9139977661769323,5.938415804869204,-0.16,-0.05815779566764832,5.999999850988388,True,0.1823043979267156,21.577074158376334,0.8004077567957447
176,17.70999999999997,-0.008177070624847092,-7.38894873530245,2.7277887165866948,5.962165169659791,-0.032,0.15239322185516357,5.999998062849045,True,0.1490935747827089,21.72616773315904,0.8066525998671066
177,17.809999999999985,-0.5676934375584002,-7.181272262660649,2.7037322981729788,5.976755103872559,0.16,0.09656453728675843,5.997687339782715,True,0.17013457467062407,21.896302307829664,0.8129067349128895
178,17.91,-1.1273933805336473,-6.9706899627931795,2.886019315904064,5.984827443022716,0.096,-0.07204700112342835,5.999904632568359,True,0.199236463423077,22.09553877125274,0.8192052514701673
179,18.010000000000016,-1.703440348219156,-6.808114758476178,3.0048239944395596,5.990641833227662,-0.096,-0.12453383207321167,5.92883488535881,True,0.19098573387320217,22.286524505125943,0.825475716274406
180,18.11000000000003,-2.284178270133973,-6.67529082898673,2.8903956400698214,5.936330634130306,-0.096,-0.021047377586364747,5.4556088745594025,True,0.15473826508774136,22.441262770213683,0.8314497417329664
181,18.210000000000047,-2.8313256427178084,-6.524201705905844,2.7233701087038313,5.513909270598714,-0.032,0.028424894809722902,4.96615669131279,True,0.1554875275474347,22.59675029776112,0.8369108856980204
182,18.310000000000063,-3.3201303791811583,-6.34060807774672,2.6485090964700935,5.03394658476029,0.032,0.11169806718826295,4.8031114637851715,True,0.15871663172097342,22.755466929482093,0.84199321028668
183,18.41000000000008,-3.7667960688824573,-6.136817674711837,2.693445304214895,4.831106408271654,0.096,0.10224590301513672,4.120770826935768,True,0.14094293681348438,22.896409866295578,0.8466513936181923
184,18.510000000000094,-4.179597397752537,-5.9636860978498945,2.866138201903638,4.217837399532009,0.096,0.022998635470867158,4.1130485981702805,True,0.1773921917631659,23.073802058058742,0.8510275483622851
185,18.61000000000011,-4.5795233662557004,-5.849501187212253,2.9758747882179093,4.125757048533182,0.032,-0.02755788862705231,3.329554930329323,True,0.12512943997425416,23.198931498032998,0.854967857319216
186,18.710000000000125,-4.947182176455788,-5.776948789171094,3.0092377632025897,3.4468158597188547,-0.032,0.006768951565027237,3.325604185461998,True,0.12450655196100063,23.323438049994,0.8585122803166426
187,18.81000000000014,-5.281447161352427,-5.725864820132608,3.0093270466573503,3.3403043492741595,0.032,-0.06850106120109559,2.451372727751732,True,0.05237698326530099,23.3758150332593,0.8615922921867366
188,18.910000000000156,-5.572864378347863,-5.6852712153437945,2.998214644162966,2.5953495397396513,-0.096,-0.23051512241363525,3.1735142543911934,True,0.12894540244558791,23.50476043570489,0.8644351454385526
189,19.010000000000172,-5.837818949921588,-5.631709033598099,2.902720270714882,2.818313855704396,-0.224,-0.12420127391815186,4.115312531590462,True,0.14298524763580714,23.647745683340695,0.8682703502773225
190,19.110000000000188,-6.127300128428534,-5.531911884218933,2.766521483647173,3.3184903888752353,-0.096,-0.23130404949188232,3.3147017881274223,True,0.16259286182431507,23.81033854516501,0.8723219988823655
191,19.210000000000203,-6.428750358653118,-5.394191178370949,2.636555464707785,3.3151612574974574,-0.224,-0.2731257200241089,2.997307576239109,True,0.13003454003117437,23.940373085196185,0.8773036505098721
192,19.31000000000022,-6.686333515310108,-5.215106671128084,2.3871198891973204,3.0358558531393594,-0.28800000000000003,-0.3002411603927613,3.29952335357666,True,0.15155850420136469,24.09193158939755,0.8799979518899619
193,19.410000000000235,-6.88663670038321,-4.981510790943828,2.146201592362532,3.137536987230305,-0.28800000000000003,-0.13233544826507568,3.340981997549534,True,0.14511689125782953,24.23704848065538,0.8835924387701484
194,19.51000000000025,-7.03039800815644,-4.698885762117338,1.9299171251607683,3.215993829048482,-0.16,-0.2642483949661255,3.274344675242901,True,0.14621370902914302,24.383262189684523,0.8868995325403196
195,19.610000000000266,-7.125145281023151,-4.3909096926740325,1.7614575212820691,3.2384963377246536,-0.28800000000000003,-0.22608458995819092,4.50832037627697,True,0.10240572641764975,24.485667916102173,0.8906403449407088
196,19.71000000000028,-7.158597115472909,-4.045169821931184,1.5644670023436928,3.7281932026086433,-0.224,0.03221359848976135,3.9305474832654,True,0.1277235610288346,24.613391477131007,0.8945558151978633
197,19.810000000000297,-7.131680439473349,-3.669816846022643,1.387566750347283,3.8062294137882966,0.032,0.06242140531539917,4.656569421291351,True,0.06137875883930213,24.67477023597031,0.8986856476179348
198,19.910000000000313,-7.072738275053354,-3.2775359905376167,1.4110308721459777,4.134155821792359,0.032,-0.025846093893051147,3.7358537167310715,True,0.1749517067992723,24.849721942769584,0.9027685431055493
199,20.01000000000033,-7.0157614671734,-2.8897135387225794,1.4408420087523541,3.7841585209261055,-0.032,-0.05675340294837952,3.439043833874166,True,0.17688013379061104,25.026602076560195,0.906515887201783
200,20.110000000000344,-6.962974523552266,-2.5337641445721273,1.409547443748524,3.480898238284881,-0.032,-0.013199113309383392,3.4144446197897196,True,0.16470573204606315,25.191307808606258,0.910087326770638
201,20.21000000000036,-6.9029797014045915,-2.194523413501682,1.3758359150615027,3.422503901899128,-0.032,0.11296168565750123,3.7751822024583817,True,0.13702875399631728,25.328336562602576,0.9137335471746035
202,20.310000000000375,-6.837475092996088,-1.8518205808281551,1.3905160147258973,3.5585112957214844,0.096,0.015084989368915558,2.437797397375107,True,0.03928599721937309,25.36762255982195,0.9178405097838593
203,20.41000000000039,-6.791824274598829,-1.541708343149119,1.4794731448435392,2.679431361978692,0.032,-0.2963374853134155,3.415499482303858,True,0.16406336958450876,25.531685929406457,0.9207793883494496
204,20.510000000000407,-6.761780537655229,-1.2614722033737478,1.4645910878866724,2.963289786390961,-0.224,-0.18657242059707643,3.040426917374134,True,0.11846715653581383,25.65015308594227,0.9239089340161021
205,20.610000000000422,-6.701370178185146,-0.9701595216958249,1.2962530809378014,2.9930370663776196,-0.16,-0.3659597396850586,3.422722694464028,True,0.16366974165689693,25.813822827599168,0.929112918854333
206,20.710000000000438,-6.593979802756168,-0.6825496118147777,1.1241280027902125,3.158741682585318,-0.3520000000000001,-0.36932921409606934,3.007930167019367,True,0.11640895122235417,25.930231778821522,0.9319196255561846
207,20.810000000000453,-6.420155674071879,-0.4299250401829139,0.800374589780398,3.026220104825869,-0.3520000000000001,-0.2743292570114136,3.8664562851190567,True,0.1761165936962549,26.106348372517775,0.9349660283915573
208,20.91000000000047,-6.171209402391996,-0.23261130095703858,0.5433810826610699,3.350250057606386,-0.28800000000000003,-0.0144268199801445,2.302143856883049,True,0.006060414104492734,26.112408786622268,0.9379798492908995
209,21.010000000000485,-5.908212032408891,-0.10426172792536716,0.2669364582772411,2.507491680945529,-0.032,-0.15721102952957156,5.999668598175049,True,0.0,26.112408786622268,0.9409579325649184
210,21.1100000000005,-5.625609457919426,-0.025438416886649322,0.2316602228288033,3.458491680945529,-0.16,-0.12515498399734498,5.9941568076610565,True,0.0,26.112408786622268,0.9450458545405492
211,21.210000000000516,-5.244443307156127,0.048679613719339945,0.1553119065083462,4.37702398125353,-0.096,-0.10083104372024537,5.999986290931702,True,0.0,26.112408786622268,0.9495471655702498
212,21.31000000000053,-4.780058477989382,0.10899620876929969,0.070837833273716,5.002905623705628,-0.096,0.017214880883693696,5.999997913837433,True,0.0,26.112408786622268,0.9555902663872072
213,21.410000000000547,-4.262010948875614,0.14159851807610083,0.00769676225790123,5.387425804182132,0.032,-0.07135435938835144,6.0,True,0.0,26.112408786622268,0.9609216188562418
214,21.510000000000563,-3.7119425746040235,0.15754379218856496,0.00478168344090874,5.623659844563691,-0.096,-0.10197415351867677,6.0,True,0.012294908517277076,26.124703695139544,0.9669151596429058
215,21.61000000000058,-3.142633443378739,0.14876984006661928,6.179656543802446,5.7687922319275495,-0.096,0.0668269693851471,5.999999850988388,True,0.024980660901084084,26.149684356040627,0.9730055777401124
216,21.710000000000594,-2.564122216186529,0.09384646676639252,6.0858375705633,5.857955488216558,0.096,0.13886840343475343,6.0,True,0.06187768920595564,26.211562045246584,0.979153441118103
217,21.81000000000061,-1.9801544276627003,0.021281452832106994,6.215780714289957,5.91273374881212,0.16,-0.08630995750427246,5.999997168779373,True,0.1289609549296703,26.340523000176255,0.9853846120279913
218,21.910000000000625,-1.3882734972587283,-0.009193625895573444,0.10640005396246707,5.946386146214943,-0.096,-0.1307009220123291,6.0,True,0.17020180600671247,26.510724806182967,0.9916548563728046
219,22.01000000000064,-0.7926810941071951,-0.001638737166122764,0.00448533358344046,5.967061873966027,-0.16,0.034822702407836914,6.0,True,0.17548000734608507,26.686204813529052,0.9916548563728046
220,22.030000000000644,-0.1958362542777083,-0.020598049839177134,6.1056457887907385,5.979764182761802,0.032,0.21449356079101564,6.0,True,1,27.686204813529052,0.9916548563728046
