step,lap_time,x,y,yaw,velocity,steering_state,commanded_steering,commanded_speed,frame_consumed,inst_nav_reward,inst_frame_penalty,inst_adaptive_reward,cumulative_nav_reward,cumulative_adaptive_reward,progress,current_fps,budget_penalty_applied
0,0.10999999999999999,0.0,0.0,0.0,0.0,0.0,0,7,True,0.0,0.1,-0.1,0.0,-0.1,0.0004235027159470536,5,False
1,0.21000000000000005,0.04022730000000001,0.0,0.0,0.9224699999999999,0.0,0,7,False,0.0,0.0,0.0,0.0,-0.1,0.0018451903203083203,5,False
2,0.3100000000000001,0.17526929999999996,0.0,0.0,1.8734699999999995,0.0,-0.025946530699729922,6.0,True,0.1912946351439053,0.1,0.09129463514390529,0.1912946351439053,-0.008705364856094716,0.004211097660123704,1,False
3,0.4100000000000002,0.4054099257854897,-0.0006046420977472552,6.279332406899867,2.8244699999999994,0.0,-0.018307557702064516,6.0,False,0.18981987196006617,0.0,0.18981987196006617,0.38111450710397143,0.18111450710397145,0.0076919241232672655,1,False
4,0.5100000000000002,0.7306336597912013,-0.00398088897676173,6.269843320933468,3.775469999999999,0.0,-0.017959108948707583,6.0,False,0.1906704592012963,0.0,0.1906704592012963,0.5717849663052678,0.37178496630526775,0.012094634444884367,1,False
5,0.6100000000000003,1.1488343991293875,-0.011610648135274609,6.259228193358612,4.621125868441667,0.0,-0.017959108948707583,6.0,False,0.19219393832711745,0.0,0.19219393832711745,0.7639789046323853,0.5639789046323852,0.017232009705660804,1,False
6,0.7100000000000004,1.6368188394786884,-0.024998554484956925,6.246212018917507,5.152876976306625,0.0,-0.017959108948707583,6.0,False,0.1943009201638751,0.0,0.1943009201638751,0.9582798247962604,0.7582798247962603,0.022821119789392347,1,False
7,0.8100000000000005,2.1677122661442283,-0.045600174077018836,6.23078210558419,5.4795627818034465,0.0,-0.017959108948707583,6.0,False,0.1965140956100978,0.0,0.1965140956100978,1.1547939204063582,0.9547939204063581,0.028685297409444036,1,False
8,0.9100000000000006,2.7247335637469514,-0.07480688511689815,6.213405891253471,5.680264978629355,0.0,-0.017959108948707583,6.0,False,0.19977396643692735,0.0,0.19977396643692735,1.3545678868432856,1.1545678868432856,0.034714896245576624,1,False
9,1.0100000000000007,3.297467744963113,-0.11383432919662308,6.194495118544073,5.803568076385578,0.0,-0.017959108948707583,6.0,False,0.19626600232776847,0.0,0.19626600232776847,1.550833889171054,1.350833889171054,0.04084130473500443,1,False
10,1.1100000000000008,3.8793975955796323,-0.1636840819467009,6.174443246661994,5.879320380828309,0.0,-0.017959108948707583,6.0,False,0.19156672757278578,0.0,0.19156672757278578,1.7424006167438397,1.5424006167438398,0.04702104943887102,1,False
11,1.2100000000000009,4.466393699181792,-0.22513166965916764,6.153591154232954,5.925859451888221,0.0,-0.017959108948707583,6.0,False,0.18609856159821758,0.0,0.18609856159821758,1.9284991783420573,1.7284991783420574,0.05322608732017805,1,False
12,1.310000000000001,5.05579232866758,-0.2987384427405602,6.132204155078357,5.954451125119191,0.0,-0.017959108948707583,6.0,True,0.1798422049900525,0.1,0.07984220499005248,2.10834138333211,1.8083413833321098,0.05943787664416173,5,False
13,1.410000000000001,5.64583225819646,-0.3848825706130602,6.11047215168179,5.9720166621943545,0.0,0.09778266549110413,5.8883070051670074,False,0.18871038645917082,0.0,0.18871038645917082,2.2970517697912807,1.9970517697912806,0.0655998164099266,5,False
14,1.5100000000000011,6.2311371221453,-0.47817136404445704,6.135960376069864,5.898459044386879,0.128,0.13237409591674806,4.840957134962082,True,0.1435506805105893,0.1,0.0435506805105893,2.44060245030187,2.04060245030187,0.07133159681580006,5,False
15,1.6100000000000012,6.7755823907088635,-0.5371100125959031,0.09740013804051592,5.050345510402631,0.128,-0.07537118196487427,4.838320374488831,False,0.15835133710981755,0.0,0.15835133710981755,2.5989537874116877,2.1989537874116873,0.07650974440624977,5,False
16,1.7100000000000013,7.267439676911815,-0.506929504435481,0.31743615227543737,4.864034104204533,-0.064,-0.05693820118904114,4.12677726149559,True,0.15420657736390456,0.1,0.05420657736390455,2.7531603647755922,2.253160364775592,0.08115139026874892,5,False
17,1.8100000000000014,7.708336213282214,-0.4163153358356216,0.31737282102604847,4.229991918361004,-0.064,-0.2764142990112305,3.2746183164417744,False,0.055441299778723085,0.0,0.055441299778723085,2.8086016645543155,2.308601664554315,0.08505296418578115,5,False
18,1.9100000000000015,8.078935452726649,-0.3231882705721763,0.21993822891935094,3.441733427538187,-0.256,-0.06861686706542969,2.557757630944252,True,0.038616850035809225,0.1,-0.06138314996419078,2.8472185145901245,2.2472185145901244,0.08823160830548216,5,False
19,2.010000000000001,8.38086567839357,-0.28698549356738384,6.237626447083104,2.7000085858935945,-0.064,0.15282034873962402,3.9083772003650665,False,0.1409120316765892,0.0,0.1409120316765892,2.9881305462667136,2.3881305462667135,0.0913116461656814,5,False
20,2.109999999999999,8.6734295802248,-0.29777596340308105,6.220421949017424,3.166005687984611,0.128,0.11007957458496094,3.6092815585434437,True,0.1278319906408747,0.1,0.027831990640874688,3.1159625369075883,2.415962536907588,0.09473211380910788,5,False
21,2.209999999999997,8.998329924074337,-0.2991032600165515,0.03757561480592285,3.3369512658765346,0.128,-0.26847846508026124,4.3487411588430405,False,0.1333225235586032,0.0,0.1333225235586032,3.2492850604661916,2.5492850604661914,0.0989529286409932,5,False
22,2.3099999999999947,9.35025298057618,-0.2746316169004096,0.09962287119283758,3.7271394521640415,-0.128,-0.24828197956085207,3.0559826493263245,True,0.10336462212143704,0.1,0.0033646221214370386,3.3526496825876286,2.5526496825876284,0.10250095144338675,5,False
23,2.4099999999999926,9.688526352149184,-0.26692064270100574,6.199740003339616,3.144929023967053,-0.256,-0.24111673831939698,3.765610571950674,False,0.16972640199646408,0.0,0.16972640199646408,3.5223760845840926,2.7223760845840923,0.10671197933270661,5,False
24,2.5099999999999905,10.009328900845547,-0.32284766399999976,5.997045564742836,3.3842895959132564,-0.256,-0.3610745668411255,3.4195283837616444,True,0.12936314323382464,0.1,0.029363143233824635,3.651739227817917,2.751739227817917,0.10894521234482729,10,False
25,2.6099999999999883,10.322696795741823,-0.450055059597074,5.739266658896989,3.3978791354146036,-0.3840000000000001,-0.3857068300247193,3.8936022147536278,True,0.16831453808220198,0.1,0.06831453808220198,3.820053765900119,2.820053765900119,0.11281857740400836,10,False
26,2.709999999999986,10.593266960816376,-0.668413998137225,5.403948499465492,3.589050534311504,-0.3840000000000001,-0.22947256565093996,3.3954303842037916,True,0.1414729363686174,0.1,0.0414729363686174,3.9615267022687366,2.8615267022687365,0.11538552924172138,5,False
27,2.809999999999984,10.780236592054193,-0.960754727487826,5.040273467228331,3.4189120161618427,-0.256,-0.10682733058929444,6.0,False,0.0,0.0,0.0,3.9615267022687366,2.8615267022687365,0.1205424066004866,5,False
28,2.909999999999982,10.892837657967107,-1.3279127987127242,4.9222878931955165,4.34505594563987,-0.128,-0.18284157514572144,6.0,True,0.0,0.1,-0.1,3.9615267022687366,2.7615267022687364,0.12531449726066474,5,False
29,3.00999999999998,10.98107257215113,-1.7850989787471412,4.829072851068046,4.983271076535083,-0.192,0.19796928167343142,6.0,False,0.0,0.0,0.0,3.9615267022687366,2.7615267022687364,0.1304378661276184,5,False
30,3.1099999999999777,11.027872623677172,-2.3003055931451253,4.696611495804928,5.375363958022246,0.064,0.11012328863143922,5.999996572732925,True,0.00527213972020793,0.1,-0.09472786027979208,3.9667988419889446,2.6667988419889443,0.1356456669538141,5,False
31,3.2099999999999755,11.05170560941702,-2.8491244854405857,4.780403550045165,5.6162482253234325,0.128,0.1546489715576172,6.0,False,0.02021723698929548,0.0,0.02021723698929548,3.98701607897824,2.68701607897824,0.1413580572618112,5,False
32,3.3099999999999734,11.106723882870163,-3.415102489763808,4.944487319933033,5.764238840753131,0.128,0.07509039044380189,5.999999850988388,True,0.0739299011436357,0.1,-0.0260700988563643,4.0609459801218755,2.6609459801218756,0.14784370335628078,5,False
33,3.4099999999999713,11.231804817556926,-3.9819497624037603,5.099369425302369,5.85515807370899,0.064,-0.08507360219955445,5.997013211250305,False,0.09897498184444731,0.0,0.09897498184444731,4.159920961966323,2.7599209619663227,0.15412227241902696,5,False
34,3.509999999999969,11.424044697100836,-4.537650403733891,5.14943861485407,5.909863303735086,-0.064,-0.05781778693199158,5.999997615814209,True,0.15127046776825823,0.1,0.05127046776825822,4.311191429734581,2.811191429734581,0.1603684578481807,5,False
35,3.609999999999967,11.638966925749266,-5.089997075972695,5.054890514755524,5.944622836318783,-0.064,-0.06715058684349061,5.999997764825821,False,0.17980597757765357,0.0,0.17980597757765357,4.490997407312235,2.9909974073122343,0.1666096790080575,5,False
36,3.709999999999965,11.836440223212417,-5.651710559866427,4.960794570565682,5.965977707592119,-0.064,-0.05883776545524597,5.999999701976776,True,0.18210478001327313,0.1,0.08210478001327312,4.673102187325508,3.0731021873255076,0.17289450283881608,5,False
37,3.8099999999999627,11.99216849650637,-6.228127919003913,4.86426790427561,5.979098001019751,-0.064,0.1255148768424988,5.999881237745285,False,0.18177718343220292,0.0,0.18177718343220292,4.854879370757711,3.2548793707577106,0.17918301181252638,5,False
38,3.9099999999999606,12.1052384221839,-6.815571999420199,4.834160245183829,5.987112879898747,0.128,0.11472790241241455,5.999683201313019,True,0.19039566476750164,0.1,0.09039566476750163,5.045275035525213,3.345275035525212,0.185480094379369,5,False
39,4.009999999999959,12.21585930079618,-7.40416977118899,4.981788506839363,5.991960517681831,0.128,-0.04085411429405213,6.0,False,0.18219375893445003,0.0,0.18219375893445003,5.227468794459663,3.5274687944596623,0.19184948731605939,5,False
40,4.109999999999957,12.371304465620215,-7.9827833135184765,5.1158781651216305,5.995060875815692,-0.064,0.04002335369586945,6.0,True,0.18400920769772247,0.1,0.08400920769772247,5.411478002157386,3.611478002157385,0.19813678999744816,5,False
41,4.209999999999955,12.567184486948996,-8.549406124990416,5.095807552188473,5.996965607144519,0.064,-0.09894040822982789,6.0,False,0.18227533020154157,0.0,0.18227533020154157,5.5937533323589275,3.7937533323589263,0.2043986222664804,5,False
42,4.3099999999999525,12.786034188539691,-9.107792577347146,5.112565630158606,5.998135794999718,-0.128,-0.06441505551338196,5.999999850988388,True,0.19871362336936285,0.1,0.09871362336936285,5.79246695572829,3.892466955728289,0.2106773245898447,5,False
43,4.40999999999995,12.995024412880865,-9.669998165116347,4.982817682003934,5.99885465237358,-0.064,-0.04206247925758362,5.9991375207901,False,0.19598456329390318,0.0,0.19598456329390318,5.988451519022194,4.088451519022192,0.2170486173148628,5,False
44,4.509999999999948,13.163997512381265,-10.245415793021833,4.876923865075931,5.998963738178022,-0.064,-0.034968701004982,5.999937564134598,True,0.18901736454265855,0.1,0.08901736454265854,6.177468883564853,4.177468883564851,0.22335662487319066,5,False
45,4.609999999999946,13.28393004007614,-10.833052702507375,4.80893949010515,5.999339285894398,-0.064,0.13868565559387208,6.0,False,0.1769199345929818,0.0,0.1769199345929818,6.354388818157834,4.354388818157832,0.22963105666249473,5,False
46,4.709999999999944,13.362280148810642,-11.427797845917107,4.7807025616900845,5.999594084682477,0.128,0.08822017908096313,5.999999850988388,True,0.19812050513096807,0.1,0.09812050513096807,6.5525093232888025,4.4525093232888,0.23591056980572178,10,False
47,4.809999999999942,13.441991398861674,-12.022402764782559,4.931736894475813,5.999750565015064,0.064,0.0035741452127695085,5.999994933605194,True,0.18811998077901745,0.1,0.08811998077901745,6.74062930406782,4.540629304067818,0.24222225799026673,5,False
48,4.90999999999994,13.561605119738724,-12.610182109074511,5.026739270373864,5.9998448036881635,0.0,0.017419545352458956,5.999958425760269,False,0.19508691839115558,0.0,0.19508691839115558,6.935716222458976,4.735716222458974,0.24853893096696053,5,False
49,5.009999999999938,13.721795041259687,-13.188305785807128,5.048816791811775,5.999888621076087,0.0,0.04214261174201966,5.9999576807022095,True,0.1994579172673853,0.1,0.09945791726738529,7.135174139726361,4.835174139726359,0.25489484064178797,5,False
50,5.1099999999999355,13.90863127999602,-13.75841813506582,5.08036564255844,5.99991525333487,0.064,0.01765537112951279,5.9979232251644135,False,0.19303403205955294,0.0,0.19303403205955294,7.328208171785914,5.028208171785912,0.2611597144910905,5,False
51,5.209999999999933,14.119888819379385,-14.319825699619118,5.132562225660352,5.998164811963735,0.0,0.00920567959547043,5.992357492446899,True,0.19437692179855112,0.1,0.09437692179855112,7.522585093584466,5.122585093584463,0.2674578020961271,5,False
52,5.309999999999931,14.35301458837398,-14.87211175049716,5.156145577965322,5.993061785566605,0.0,-0.09274446964263916,5.9903276562690735,False,0.13900756060294964,0.0,0.13900756060294964,7.661592654187415,5.261592654187412,0.27380290805888247,5,False
53,5.409999999999929,14.59918165379397,-15.418363133368821,5.135333683470236,5.990659242717357,-0.064,-0.07245628237724304,5.949208647012711,True,0.10541330571806264,0.1,0.00541330571806263,7.767005959905478,5.267005959905474,0.28007133020832164,5,False
54,5.509999999999927,14.8296900825188,-15.968808477605354,5.018255571749129,5.9542356425616605,-0.064,0.04881482720375061,5.438233524560928,False,0.12478505251577116,0.0,0.12478505251577116,7.891791012421249,5.391791012421246,0.2859909479852514,5,False
55,5.609999999999925,15.011402432563662,-16.506607848701698,4.902980954486606,5.5012684238121565,0.064,0.03653586208820343,5.13227766752243,True,0.08385223417203197,0.1,-0.016147765827968036,7.975643246593282,5.3756432465932775,0.2914628082074563,5,False
56,5.709999999999923,15.15001140637497,-17.018408460279574,4.93545508525844,5.177027685174509,0.064,0.1573181986808777,4.23763370513916,False,0.11827614046395153,0.0,0.11827614046395153,8.093919387057234,5.493919387057229,0.2963871015481672,5,False
57,5.809999999999921,15.27537461475436,-17.478680997915998,5.064263944955599,4.39918394191091,0.128,0.13148891925811768,4.057432398200035,True,0.09885035488472782,0.1,-0.0011496451152721854,8.192769741941962,5.492769741941957,0.3008055305256335,10,False
58,5.909999999999918,15.433202666827762,-17.868998915281985,5.279798216755911,4.0988789313529645,0.128,-0.1832284450531006,5.147723764181137,True,0.0,0.1,-0.1,8.192769741941962,5.392769741941957,0.3063443952877079,5,False
59,6.009999999999916,15.660251686466752,-18.233487412242965,5.360362188555667,4.503357040754079,-0.128,-0.2772168397903442,2.1160463094711304,False,0.10354600065044262,0.0,0.10354600065044262,8.296315742592405,5.4963157425924,0.3104244665801187,5,False
60,6.109999999999914,15.875660548855018,-18.579117020663013,5.124631853498507,3.5523570407540768,-0.256,-0.32092361450195317,2.7056962847709656,True,0.17532664837806775,0.1,0.07532664837806774,8.471642390970473,5.571642390970468,0.3137249265617104,5,False
61,6.209999999999912,15.974921359887064,-18.877448090276193,4.689676581583515,2.8371871242612063,-0.32000000000000006,-0.39999444484710694,3.1985698491334915,False,0.13916940698528557,0.0,0.13916940698528557,8.610811797955758,5.7108117979557536,0.31751433481311303,5,False
62,6.30999999999991,15.938491336402336,-19.1637032443005,4.39943233162179,2.97655130545512,-0.3840000000000001,-0.3999532222747803,2.8926944211125374,True,0.1777076079742875,0.1,0.0777076079742875,8.788519405930046,5.788519405930041,0.3273904810610603,5,False
63,6.409999999999908,15.803673034697669,-19.422478141874763,4.0639659879219545,2.902864315589873,-0.3840000000000001,-0.2818199396133423,3.595225451514125,False,0.12850316148862945,0.0,0.12850316148862945,8.917022567418675,5.9170225674186705,0.3293465759723391,5,False
64,6.509999999999906,15.58683045839522,-19.63340916989332,3.792135466913099,3.1698675123604745,-0.256,-0.3892133951187134,2.646651476621628,True,0.1507979741667068,0.1,0.05079797416670678,9.067820541585382,5.967820541585377,0.3313179546792883,5,False
65,6.6099999999999035,15.337909478083223,-19.778146461109106,3.4937715442095554,2.7107667424435653,-0.3840000000000001,-0.3875296592712403,4.54464165866375,False,0.0070436159174949164,0.0,0.0070436159174949164,9.074864157502876,5.974864157502872,0.33445968580638885,5,False
66,6.709999999999901,15.038933931991775,-19.83763823463832,3.2351510871046933,3.417985041827976,-0.3840000000000001,-0.3603203296661377,4.7367236614227295,True,0.0,0.1,-0.1,9.074864157502876,5.874864157502873,0.3390788129772517,10,False
67,6.809999999999899,14.673499297968934,-19.820186772013376,2.9460357032182647,3.9265453998073583,-0.3840000000000001,-0.2465596914291382,6.0,True,0.0,0.1,-0.1,9.074864157502876,5.774864157502873,0.3426765515123776,5,False
68,6.909999999999897,14.259698254198394,-19.700266835011316,2.714036625484762,4.723902633500371,-0.256,0.08564767241477966,5.999985843896866,False,0.0,0.0,0.0,9.074864157502876,5.774864157502873,0.34778792407622294,5,False
69,7.009999999999895,13.813963872686411,-19.482564699397635,2.549584688226337,5.21601329489144,0.0,-0.006983750313520432,6.0,True,0.0,0.1,-0.1,9.074864157502876,5.674864157502873,0.353179876159327,5,False
70,7.109999999999893,13.35622099704834,-19.20300801933872,2.5504155812610887,5.518351114893714,0.0,0.20483191013336183,6.0,False,0.0,0.0,0.0,9.074864157502876,5.674864157502873,0.35877295475440035,5,False
71,7.209999999999891,12.884460555717174,-18.899564776264388,2.594753386286942,5.704094920216785,0.192,0.08922601938247682,5.9999988079071045,True,0.0,0.1,-0.1,9.074864157502876,5.574864157502874,0.36469319265459355,10,False
72,7.309999999999889,12.37939146922816,-18.623181401310557,2.7962643532289992,5.818207743497506,0.064,-0.06449581384658813,5.999999850988388,True,0.03589982560189045,0.1,-0.06410017439810956,9.110763983104766,5.510763983104765,0.37138974878885445,5,False
73,7.4099999999998865,11.839185351735468,-18.398513986523444,2.856798243155738,5.888314327084025,-0.064,-0.08750008344650269,6.0,False,0.0789363082380201,0.0,0.0789363082380201,9.189700291342787,5.589700291342784,0.3776268269279145,5,False
74,7.509999999999884,11.285356691723416,-18.192408090419626,2.7450216765764113,5.931384959092036,-0.064,-0.06450755596160888,5.999999850988388,True,0.11395366482841496,0.1,0.013953664828414952,9.303653956171202,5.6036539561711995,0.3838720582612344,5,False
75,7.609999999999882,10.738821935732817,-17.959005054629042,2.623178973934565,5.957845709893623,-0.064,0.16272950172424316,6.0,False,0.14925600494166424,0.0,0.14925600494166424,9.452909961112866,5.752909961112864,0.3902015953764184,5,False
76,7.70999999999988,10.211458570641263,-17.6803308276742,2.5634509864599915,5.974102154156591,0.192,0.11710132360458375,6.0,True,0.19902083986168104,0.1,0.09902083986168103,9.651930800974547,5.851930800974545,0.3964930297916114,5,False
77,7.809999999999878,9.684410508398026,-17.39814120209584,2.7524829941827686,5.984089438639901,0.128,-0.06224728226661683,5.999998360872269,False,0.17067278263383157,0.0,0.17067278263383157,9.822603583608378,6.022603583608376,0.4028339613159331,5,False
78,7.909999999999876,9.13435411801914,-17.16243082822041,2.892229457994289,5.990224579497493,-0.064,0.03725965917110443,5.999995678663254,True,0.1914289789113656,0.1,0.09142897891136559,10.014032562519745,6.114032562519742,0.4090817091752324,5,False
79,8.009999999999874,8.56679676405582,-16.970539257515405,2.870607117263749,5.9939927209743225,0.064,-0.028986972570419312,6.0,False,0.19266802687214796,0.0,0.19266802687214796,10.206700589391893,6.30670058939189,0.41533946963009793,5,False
80,8.109999999999872,7.990781876675874,-16.804412572729127,2.8992921337870508,5.996309377153483,0.0,-0.07798251509666443,6.0,True,0.18732864648718509,0.1,0.08732864648718508,10.394029235879078,6.394029235879075,0.42153259208453353,5,False
81,8.20999999999987,7.412508631957817,-16.645554145890074,2.8542103632501488,5.997732634536032,-0.064,-0.10061576366424561,6.0,False,0.18133834316925182,0.0,0.18133834316925182,10.57536757904833,6.575367579048327,0.42800596201975977,5,False
82,8.309999999999867,6.840921725975349,-16.464131735872446,2.723670963645738,5.9986070247866055,-0.128,-0.09439255595207215,6.0,True,0.17257896736137,0.1,0.07257896736136998,10.747946546409699,6.647946546409696,0.43429451678344005,5,False
83,8.409999999999865,6.289605839893744,-16.228487771400207,2.573523925893026,5.99914421385702,-0.064,0.15440598726272584,5.999996572732925,False,0.18170907538284806,0.0,0.18170907538284806,10.929655621792547,6.829655621792544,0.44058225116630223,5,False
84,8.509999999999863,5.7674990963111075,-15.93337989687765,2.512318899899177,5.999472918824491,0.128,0.1118628740310669,5.99941423535347,True,0.19494506573617582,0.1,0.09494506573617581,11.124600687528723,6.92460068752872,0.44698319744276793,5,False
85,8.60999999999986,5.252815617161941,-15.625156288139168,2.6796937721897685,5.999421352296968,0.128,0.06050665378570557,5.7951143980026245,False,0.18787566602117362,0.0,0.18787566602117362,11.312476353549897,7.112476353549893,0.45269772579811457,5,False
86,8.709999999999859,4.726377538145256,-15.3617510784792,2.8532225075298925,5.819892091360167,0.064,0.1007767915725708,5.624106585979462,True,0.1759314313413029,0.1,0.0759314313413029,11.4884077848912,7.188407784891196,0.458737561409376,5,False
87,8.809999999999857,4.188174696231929,-15.171064063102062,2.988079658772445,5.647850825292948,0.128,-0.16043901443481445,5.553021788597107,False,0.10818394684502568,0.0,0.10818394684502568,11.596591731736225,7.296591731736222,0.4646744692463561,5,False
88,8.909999999999854,3.639629901604902,-15.062056167164583,3.120961543322048,5.564522350586081,-0.128,-0.062287783622741705,4.39993454515934,True,0.18407910178740822,0.1,0.08407910178740821,11.780670833523633,7.38067083352363,0.4701054497119321,10,False
89,9.009999999999852,3.130240614504314,-14.994567403243662,3.0176935712261597,4.664867635677551,-0.064,-0.23120017051696778,3.913188301026821,True,0.15795675397994527,0.1,0.057956753979945264,11.938627587503579,7.438627587503575,0.4746149915128823,10,False
90,9.10999999999985,2.705861894755593,-14.926975754959576,2.863551523992538,4.019696662990255,-0.256,-0.007382392138242722,3.899274118244648,True,0.15710194144628412,0.1,0.05710194144628411,12.095729528949862,7.495729528949859,0.47880748919270383,5,False
91,9.209999999999848,2.333149619242231,-14.79680271624192,2.6183597089770787,3.9138785789559694,0.0,0.12602734565734863,3.8936968743801117,False,0.11111803358643232,0.0,0.11111803358643232,12.206847562536295,7.6068475625362915,0.4828638828979767,5,False
92,9.309999999999846,1.9860729749143482,-14.618410491696778,2.6205955349823897,3.8961444469022526,0.128,-0.013522256910800935,3.5689734145998955,True,0.14359152169140493,0.1,0.04359152169140493,12.3504390842277,7.650439084227696,0.4869684136786302,5,False
93,9.409999999999844,1.6543023133743195,-14.45016704449365,2.71381332718638,3.6086516700066062,0.0,-0.05430407524108887,2.9780635461211205,False,0.19603636707839053,0.0,0.19603636707839053,12.54647545130609,7.846475451306087,0.49012201537406064,5,False
94,9.509999999999842,1.3587095573910668,-14.307230466496527,2.6965784408634237,3.05950729912208,-0.064,0.10579180717468262,2.735771596431732,True,0.13351500195202134,0.1,0.03351500195202134,12.679990453258112,7.879990453258108,0.49356562280685,5,False
95,9.60999999999984,1.0999868825429988,-14.179519110003294,2.6840584921105166,2.7750332260608115,0.128,-0.015437042713165284,3.0029759407043457,False,0.130379330258703,0.0,0.130379330258703,12.810369783516816,8.010369783516811,0.49607102820875104,5,False
96,9.709999999999837,0.8419883546957916,-14.066186824874716,2.741682068773531,2.8629373996668974,0.0,-0.05084900856018067,2.739608868956566,True,0.12763139646665056,0.1,0.027631396466650554,12.938001179983466,8.038001179983462,0.4999215976661347,5,False
97,9.809999999999835,0.585897122461304,-13.953836368193706,2.719612118237783,2.7545657583425935,-0.064,-0.3917834758758545,2.716216057538986,False,0.17522682871480735,0.0,0.17522682871480735,13.113228008698274,8.21322800869827,0.5036483160320978,5,False
98,9.909999999999833,0.3412940455727121,-13.831998129516904,2.6391415618108955,2.7208669864814063,-0.32000000000000006,-0.39525814056396485,3.0701877400279045,True,0.15035844241672222,0.1,0.050358442416722216,13.263586451114996,8.263586451114993,0.5059531388196421,5,False
99,10.009999999999831,0.12224551683797094,-13.6610940126134,2.3748033789594993,2.8555795707900593,-0.3840000000000001,-0.39970724582672124,3.028382383286953,False,0.15320025382394106,0.0,0.15320025382394106,13.416786704938938,8.416786704938934,0.5087695103645634,5,False
100,10.109999999999829,-0.04548458718250219,-13.427274061209273,2.058500657271363,2.9222195090442904,-0.3840000000000001,-0.39775273799896244,3.1307458728551865,True,0.14353131073420636,0.1,0.04353131073420635,13.560318015673143,8.46031801567314,0.5095839448563634,5,False
101,10.209999999999827,-0.13666312707220393,-13.146751206119168,1.7360298346703433,3.0026359317167346,-0.3840000000000001,-0.2733578443527222,2.889456622302532,False,0.17521120067988258,0.0,0.17521120067988258,13.735529216353026,8.635529216353023,0.5134474496869894,5,False
102,10.309999999999825,-0.13926226154777235,-12.85355683155992,1.430403876874402,2.903182646621035,-0.256,-0.36349325180053715,2.164758801460266,True,0.12837539682560423,0.1,0.02837539682560422,13.86390461317863,8.663904613178627,0.5161111295344959,5,False
103,10.409999999999823,-0.07354442314734572,-12.609184134885245,1.1378844937037254,2.2682399699618454,-0.3840000000000001,-0.2083643674850464,2.1770693957805634,False,0.12125563638147512,0.0,0.12125563638147512,13.985160249560105,8.785160249560102,0.516502942812636,5,False
104,10.50999999999982,0.05080766262436482,-12.426091536744128,0.9157572161610152,2.188126271147812,-0.192,-0.33125972747802734,3.327438723295927,True,0.13328754029888246,0.1,0.03328754029888245,14.118447789858987,8.818447789858984,0.5180625164050536,5,False
105,10.609999999999818,0.21859201391890887,-12.254375853787769,0.764573483522057,2.6274924502416384,-0.32000000000000006,0.028939005732536317,2.8529795110225677,False,0.10756933140751436,0.0,0.10756933140751436,14.226017121266501,8.926017121266499,0.5211485181649226,5,False
106,10.709999999999816,0.43613305656350365,-12.100033421489467,0.5631705971949018,2.7144496217740133,-0.064,-0.3086266994476319,4.737717568874359,True,0.0,0.1,-0.1,14.226017121266501,8.8260171212665,0.5230375004136829,10,False
107,10.809999999999814,0.703563435829893,-11.944120334261228,0.5049983087722991,3.49399208142931,-0.256,-0.27983856201171875,3.5999461952596903,True,0.10720625374964875,0.1,0.007206253749648742,14.33322337501615,8.833223375016148,0.5273822904137268,5,False
108,10.909999999999812,1.0261548123261897,-11.806088497012983,0.2800011765992071,3.534852386313325,-0.256,0.11930899620056153,2.045214682817459,False,0.05150090353500908,0.0,0.05150090353500908,14.38472427855116,8.884724278551158,0.5299238188950752,5,False
109,11.00999999999981,1.3298797058263443,-11.743131266724868,6.265257976329157,2.5838523863133256,0.0,-0.1587708353996277,1.5283443629741669,True,0.05894807423998155,0.1,-0.041051925760018454,14.443672352791141,8.843672352791138,0.5319866755586228,5,False
110,11.109999999999808,1.5458975158084312,-11.737019528005229,6.183591531267448,1.7368752832267134,-0.128,-0.12390515804290772,5.998785555362701,False,0.0,0.0,0.0,14.443672352791141,8.843672352791138,0.5337576341565694,5,False
111,11.209999999999805,1.7596868063055406,-11.770752102404375,6.123386329649566,2.687875283226713,-0.128,-0.020779050886631012,5.867851883172989,True,0.0,0.1,-0.1,14.443672352791141,8.743672352791139,0.536470840404844,10,False
112,11.309999999999803,2.064870518698596,-11.833516885007937,6.07205772372478,3.638875283226713,0.0,0.1470380187034607,5.571945369243622,True,0.0,0.1,-0.1,14.443672352791141,8.643672352791139,0.5405609062637585,10,False
113,11.409999999999801,2.456656851074422,-11.916145140607089,6.092235188387043,4.384347358084195,0.128,0.16321544647216799,5.990575313568115,True,0.0,0.1,-0.1,14.443672352791141,8.54367235279114,0.5463156412430914,5,False
114,11.509999999999799,2.9202531841597623,-11.98467432953067,6.217028046808314,5.003775538847123,0.192,-0.06455004215240479,4.87283518910408,False,0.011579986763131295,0.0,0.011579986763131295,14.455252339554272,8.55525233955427,0.5515673027972762,5,False
115,11.609999999999797,3.4129380162489826,-12.003183733066427,0.11398727595896666,4.888715215534253,-0.064,-0.04547541737556458,5.173811674118042,True,0.03836353256515507,0.1,-0.06163646743484494,14.493615872119427,8.493615872119426,0.5568296190370894,5,False
116,11.709999999999795,3.9066349132761737,-11.980519072908198,0.07765229188902527,4.998660245490668,-0.064,-0.2353313684463501,5.551858901977539,False,0.0,0.0,0.0,14.493615872119427,8.493615872119426,0.5622614009966563,5,False
117,11.809999999999793,4.416428862522357,-11.95960687614027,6.247393651893992,5.211996612983365,-0.256,-0.16033475399017336,4.3791691064834595,True,0.1484713754886341,0.1,0.04847137548863409,14.642087247608062,8.542087247608059,0.568930926626821,5,False
118,11.90999999999979,4.896227654134346,-12.003507114725334,5.868158449021139,4.506758812189473,-0.192,0.12901651859283447,5.97627928853035,False,0.006607585948056438,0.0,0.006607585948056438,14.64869483355612,8.548694833556116,0.5739769098284742,5,False
119,12.009999999999788,5.34421869001775,-12.168305330672412,5.757511055016312,5.0734669137051505,0.064,-0.0008816287852823735,5.761083275079727,True,0.058817203686125946,0.1,-0.04118279631387406,14.707512037242244,8.507512037242241,0.5795063183794489,5,False
120,12.109999999999786,5.811898551822777,-12.396398597984446,5.839451989229347,5.338640328434292,0.0,0.022044701874256136,5.478802978992462,False,0.12182646197178781,0.0,0.12182646197178781,14.829338499214032,8.629338499214029,0.5852057290992697,5,False
121,12.209999999999784,6.29481740256293,-12.630125278054809,5.851404085638737,5.39269286521759,0.0,-0.019192686676979067,5.313981682062149,True,0.10974170553970644,0.1,0.009741705539706436,14.939080204753738,8.639080204753736,0.5908363859531552,5,False
122,12.309999999999782,6.779636630803402,-12.856424332127848,5.855023702422207,5.323527522372729,0.0,-0.01565891355276108,4.098234981298447,False,0.13376315654640158,0.0,0.13376315654640158,15.072843361300139,8.772843361300136,0.5959892425792024,5,False
123,12.40999999999978,7.223162544301403,-13.063827865475853,5.829219267330187,4.402838060493675,0.0,-0.034266284108161925,3.5258210068568587,True,0.0872549565765937,0.1,-0.012745043423406308,15.160098317876733,8.76009831787673,0.6002073739433673,5,False
124,12.509999999999778,7.582460569388744,-13.241155111533333,5.7771628133611905,3.665872667756752,-0.064,0.2091447114944458,3.2902785800397396,False,0.1387362695948577,0.0,0.1387362695948577,15.29883458747159,8.898834587471589,0.603025938219383,5,False
125,12.609999999999776,7.88551244952135,-13.408867682005454,5.748424289463037,3.3358294285877053,0.192,0.1738430380821228,3.5050306995399296,True,0.15259765738676537,0.1,0.05259765738676536,15.451432244858356,8.951432244858355,0.6064944786363689,5,False
126,12.709999999999773,8.188421146555964,-13.555668331966297,5.900943580950615,3.4010804629075104,0.192,0.2455281972885132,3.1067634969949722,False,0.13792120036490987,0.0,0.13792120036490987,15.589353445223265,9.089353445223264,0.6098967208919882,5,False
127,12.809999999999771,8.497255140267072,-13.652782868455539,6.1086388973948536,3.142457316407486,0.256,0.24483115673065187,3.3150612600147724,True,0.1683947772270659,0.1,0.06839477722706588,15.757748222450331,9.15774822245033,0.6121123162222579,10,False
128,12.90999999999977,8.812944174072236,-13.680303543297887,0.03470352128761286,3.209020562562019,0.256,0.21502692699432374,3.4440400674939156,True,0.18463928497831608,0.1,0.08463928497831608,15.942387507428647,9.242387507428646,0.6155079409217787,5,False
129,13.009999999999767,9.135484758421425,-13.641621895416966,0.2303369635928759,3.299653840289967,0.192,0.14457129240036012,3.7635009214282036,False,0.149026256098713,0.0,0.149026256098713,16.09141376352736,9.391413763527359,0.6181025280646844,5,False
130,13.109999999999765,9.459365149850274,-13.543468454403882,0.38370971059356457,3.4785325309768624,0.128,0.15539804697036744,3.5167164695449173,True,0.1755714521072858,0.1,0.0755714521072858,16.266985215634644,9.466985215634644,0.6223815038679311,5,False
131,13.209999999999763,9.776073986783688,-13.39845970706205,0.5176560147255802,3.4932578428610324,0.128,0.1526684641838074,3.4834548484068364,False,0.17407072971033366,0.0,0.17407072971033366,16.441055945344978,9.641055945344977,0.6252553961444006,5,False
132,13.30999999999976,10.070778750113542,-13.212384387877636,0.6561514939002152,3.484643724191367,0.128,0.14872190952301026,3.489321669563651,True,0.17415902545731693,0.1,0.07415902545731692,16.615214970802295,9.715214970802293,0.6284558726865783,5,False
133,13.409999999999759,10.337019899193034,-12.987851019842454,0.7940342704425327,3.486447734127671,0.128,0.2447835445404053,3.7797193452715874,False,0.15714179254695618,0.0,0.15714179254695618,16.77235676334925,9.872356763349249,0.6320103492425028,5,False
134,13.509999999999756,10.571800430060197,-12.723181927151932,0.9516754718222279,3.599545442295476,0.256,0.24868626594543458,3.5155104196164757,True,0.17576564898333893,0.1,0.07576564898333893,16.94812241233259,9.948122412332587,0.6356306059867742,5,False
135,13.609999999999754,10.753056492880557,-12.418217167093742,1.189946265081624,3.525701918140968,0.256,0.019177652895450592,3.496315466996748,False,0.14964033550487058,0.0,0.14964033550487058,17.09776274783746,10.097762747837457,0.6392087213527513,5,False
136,13.709999999999752,10.862556681156113,-12.085350645467878,1.3940335936975576,3.49987936171503,0.0,-0.042131954431533815,3.091848962008953,True,0.13480687182228765,0.1,0.034806871822287644,17.23256961965975,10.132569619659744,0.6424691706166541,5,False
137,13.80999999999975,10.92869539258511,-11.7640846929199,1.4132297876169926,3.141333582634773,-0.064,-0.02130623161792755,3.122359834611416,False,0.14577811029400461,0.0,0.14577811029400461,17.378347729953752,10.27834772995375,0.6457089035134039,5,False
138,13.909999999999748,10.98648585675684,-11.4563518207328,1.3813644318098903,3.1246609100299683,0.0,0.06914491057395936,2.9984829425811768,True,0.15198255562493473,0.1,0.05198255562493473,17.530330285578685,10.330330285578684,0.6483365021011457,5,False
139,14.009999999999746,11.042282218674803,-11.155823622892331,1.3999274184913164,3.013785402532784,0.064,0.11732465028762817,3.3587076738476753,False,0.19683666300704866,0.0,0.19683666300704866,17.727166948585733,10.527166948585734,0.6518472875807053,5,False
140,14.109999999999744,11.082327356775005,-10.850610095155588,1.4765748320507126,3.1468017494938416,0.128,0.10043365955352784,3.1512342989444733,True,0.17231397194289944,0.1,0.07231397194289943,17.89948092052863,10.599480920528633,0.6545859200778554,5,False
141,14.209999999999742,11.097404180619906,-10.536314780227151,1.5740232132586094,3.1485111245753625,0.128,0.07905033230781555,3.2643940337002277,False,0.17733303703183073,0.0,0.17733303703183073,18.07681395756046,10.776813957560464,0.6578544759284373,5,False
142,14.30999999999974,11.083971155573996,-10.219647109534558,1.6601382654872474,3.1932003851100577,0.064,0.12153350114822388,3.175370007753372,True,0.16494128054844115,0.1,0.06494128054844114,18.2417552381089,10.841755238108904,0.6611798831630755,5,False
143,14.409999999999737,11.04512792727145,-9.903766226880183,1.7429659819141843,3.177532418837807,0.128,0.08957280516624451,3.711236532777548,False,0.17824714126952268,0.0,0.17824714126952268,18.420002379378424,11.020002379378427,0.6646283601029507,5,False
144,14.509999999999735,10.976637953432549,-9.583246140448342,1.8252418778269734,3.383350881425693,0.064,0.09557344317436219,3.4422708339989185,True,0.1876875716381848,0.1,0.0876875716381848,18.60768995101661,11.107689951016612,0.6681988068013714,10,False
145,14.609999999999733,10.882171045431997,-9.257278752742101,1.8978109323576027,3.4060728611474795,0.064,0.015550918877124786,3.964087165892124,True,0.139778155954073,0.1,0.039778155954073,18.747468106970683,11.147468106970685,0.6718769184157816,10,False
146,14.70999999999973,10.763431106891485,-8.926838638103108,1.9431068490616907,3.6212663425257365,0.0,0.011654290556907655,3.6301170513033867,True,0.16110390991056261,0.1,0.06110390991056261,18.908572016881244,11.208572016881247,0.6756596677779168,5,False
147,14.809999999999729,10.631335898312903,-8.589491197666419,1.958010360491547,3.62467954325972,0.0,0.14908369779586791,3.187451347708702,False,0.16033237483320883,0.0,0.16033237483320883,19.068904391714455,11.368904391714455,0.6791841211754184,5,False
148,14.909999999999727,10.4990561064858,-8.277480303158365,2.00885523104867,3.2404769835420604,0.128,0.12411141395568848,3.495414023869671,True,0.17643496416279522,0.1,0.07643496416279522,19.24533935587725,11.44533935587725,0.6825398084629744,1,False
149,15.009999999999724,10.343727725108357,-7.987755710470443,2.121887606731068,3.3387912897774052,0.128,0.14897724390029907,3.33930392190814,False,0.16845547853424897,0.0,0.16845547853424897,19.413794834411497,11.613794834411499,0.6854594621815118,1,False
150,15.109999999999722,10.156547924528812,-7.711494812235984,2.2384546430516497,3.338988982008484,0.128,0.1445134997367859,3.4419373413547873,False,0.17752640787053608,0.0,0.17752640787053608,19.591321242282035,11.791321242282034,0.6888781129990456,1,False
151,15.20999999999972,9.93546939790897,-7.4589777865713005,2.3699475668002643,3.3786901431822085,0.128,0.1445134997367859,3.4419373413547873,False,0.1710920668033525,0.0,0.1710920668033525,19.76241330908539,11.962413309085386,0.692149844114444,1,False
152,15.309999999999718,9.681293543787032,-7.234927447042392,2.5026778782489636,3.4030808884488666,0.128,0.1445134997367859,3.4419373413547873,False,0.17164922961801263,0.0,0.17164922961801263,19.9340625387034,12.134062538703398,0.695700060293321,1,False
153,15.409999999999716,9.398280302887354,-7.045070423298546,2.6368249657827314,3.418065549780554,0.128,0.1445134997367859,3.4419373413547873,False,0.1725933623553994,0.0,0.1725933623553994,20.1066559010588,12.306655901058798,0.6993587666978124,1,False
154,15.509999999999714,9.091451852526744,-6.893994152656518,2.7718548211645158,3.427271503627823,0.128,0.1445134997367859,3.4419373413547873,False,0.16987573284618707,0.0,0.16987573284618707,20.276531633904987,12.476531633904985,0.7029446520760038,1,False
155,15.609999999999712,8.766429977839305,-6.785196072913682,2.9074314914255153,3.4329272594945808,0.128,0.1445134997367859,3.4419373413547873,False,0.1691787845990478,0.0,0.1691787845990478,20.445710418504035,12.645710418504033,0.7064501678718396,1,False
156,15.70999999999971,8.429257830545058,-6.721132897048673,3.043346511291361,3.4364019211054297,0.128,0.1445134997367859,3.4419373413547873,False,0.1684724488733791,0.0,0.1684724488733791,20.614182867377416,12.814182867377411,0.7097786248685978,1,False
157,15.809999999999707,8.086238543187534,-6.703262738696955,3.1794704163299876,3.438536608951642,0.128,0.1445134997367859,3.4419373413547873,False,0.16038113461192227,0.0,0.16038113461192227,20.774564001989337,12.974564001989334,0.7133497495218278,1,False
158,15.909999999999705,7.743792188862731,-6.7320786907317025,3.3157230500747072,3.4398480725446823,0.128,0.1445134997367859,3.4419373413547873,True,0.16121504263879993,0.1,0.06121504263879993,20.935779044628138,13.035779044628134,0.7160867133052693,2,False
159,16.009999999999703,7.4083247667310355,-6.807139820788251,3.452054921703909,3.4406537813319993,0.128,0.07984526157379152,3.7606413513422012,False,0.17957043532188963,0.0,0.17957043532188963,21.115349479950027,13.215349479950023,0.7202087604550178,2,False
160,16.10999999999972,7.079233146051422,-6.9261734053986785,3.557240323166758,3.5640542723279696,0.064,0.14396305084228517,4.60035665333271,False,0.1250127184942105,0.0,0.1250127184942105,21.240362198444238,13.340362198444232,0.7242069715629058,2,False
161,16.209999999999734,6.7389830789996,-7.085867444589779,3.6382953838349494,3.96369549161721,0.128,0.14396305084228517,4.60035665333271,False,0.1313890915901221,0.0,0.1313890915901221,21.37175129003436,13.471751290034355,0.7285345029393997,2,False
162,16.30999999999975,6.388740134743762,-7.295522040418715,3.7690636044466186,4.20921846599791,0.128,0.14396305084228517,4.60035665333271,False,0.13531453548746694,0.0,0.13531453548746694,21.507065825521828,13.607065825521822,0.7323782838958478,2,False
163,16.409999999999766,6.050348123917757,-7.557618492629315,3.913241093411598,4.36005758878899,0.128,0.14396305084228517,4.60035665333271,True,0.11068724417496661,0.1,0.01068724417496661,21.617753069696793,13.61775306969679,0.7373809311082127,10,False
164,16.50999999999978,5.741778703010321,-7.871543466662824,4.065878412425717,4.452726883879492,0.128,-0.22319467067718507,4.435975015163422,True,0.12475625615576477,0.1,0.024756256155764766,21.74250932585256,13.642509325852554,0.7414918220158672,5,False
165,16.609999999999797,5.475907458275535,-8.227323129303228,4.181162591021781,4.438006628172613,-0.128,-0.3741570711135864,3.913146987557411,False,0.06351212636677017,0.0,0.06351212636677017,21.80602145221933,13.706021452219325,0.744923655563945,5,False
166,16.709999999999813,5.229742549656755,-8.56209068382868,3.974646704407125,3.9775084019810283,-0.3840000000000001,-0.3867534637451172,2.30378320813179,True,0.0,0.1,-0.1,21.80602145221933,13.606021452219325,0.7468930727999995,10,False
167,16.809999999999828,4.960120244239244,-8.789856719935345,3.4042129720586005,3.0265084019810287,-0.3840000000000001,-0.2843207359313965,4.286619260907173,True,0.08614657885440627,0.1,-0.013853421145593736,21.892168031073737,13.592168031073731,0.7517404374901734,10,False
168,16.909999999999844,4.642652293510469,-8.852689729886631,3.11674125710769,3.512459461567133,-0.256,-0.2057746171951294,5.936018884181976,True,0.1404142163910429,0.1,0.040414216391042895,22.03258224746478,13.632582247464773,0.7537025185100883,5,False
169,17.00999999999986,4.250814714585944,-8.822633033907442,2.979158537733491,4.4091099686127775,-0.192,-0.1421698808670044,5.99975249171257,False,0.1253195658297332,0.0,0.1253195658297332,22.157901813294515,13.757901813294506,0.7593468542226705,5,False
170,17.109999999999875,3.789482177303505,-8.728965819174235,2.8482613231168465,5.02252775963299,-0.128,-0.1013258457183838,5.999999701976776,True,0.12635223628353578,0.1,0.02635223628353578,22.284254049578053,13.784254049578042,0.7644075796090428,5,False
171,17.20999999999989,3.2929091432850583,-8.572942315353146,2.7328451619218486,5.399481519481107,-0.128,0.11166350841522217,6.0,False,0.08808393949809244,0.0,0.08808393949809244,22.372337989076144,13.872337989076135,0.7694024888554197,5,False
172,17.309999999999906,2.7851557876485757,-8.358578338548366,2.6512178127998838,5.6310663755610575,0.128,0.06139501929283142,5.999995529651642,True,0.12337222874306139,0.1,0.023372228743061385,22.495710217819205,13.895710217819197,0.7753036557558829,5,False
173,17.409999999999922,2.2665476969326015,-8.121868377759945,2.7478910832427466,5.773340773144859,0.064,0.11633522510528566,5.999998509883881,False,0.12548440010129142,0.0,0.12548440010129142,22.621194617920498,14.021194617920488,0.7813624803122335,5,False
174,17.509999999999938,1.7283935169378142,-7.901595291964408,2.8506597845798893,5.8607494059262475,0.128,0.0730626106262207,5.99999538064003,True,0.15097356834526143,0.1,0.05097356834526143,22.77216818626576,14.072168186265749,0.7875488929158421,5,False
175,17.609999999999953,1.1658269879975083,-7.729002862608976,2.9866112572912487,5.914448434448965,0.064,-0.17058937549591066,5.9999818205833435,False,0.19901281729045037,0.0,0.19901281729045037,22.97118100355621,14.2711810035562,0.7937841722654247,5,False
176,17.70999999999997,0.584549418645343,-7.612115710739737,3.0416973093663784,5.947433658985011,-0.192,-0.11054060459136963,5.999999701976776,True,0.18100490514106596,0.1,0.08100490514106595,23.152185908697277,14.352185908697265,0.8000453792271941,5,False
177,17.809999999999985,-0.0005570686311400577,-7.500390575784438,2.851587360248168,5.967705307395267,-0.128,-0.003526793047785759,6.0,False,0.16748044833663614,0.0,0.16748044833663614,23.319666357033913,14.519666357033902,0.8063284217006197,5,False
178,17.91,-0.5751133201318391,-7.3379129670090455,2.707390111321619,5.98015948154916,0.0,-0.05491897463798523,6.0,True,0.19452476026798793,0.1,0.09452476026798792,23.514191117301902,14.614191117301889,0.8125744201311269,5,False
179,18.010000000000016,-1.1321260523056955,-7.119769884267529,2.6670479068247794,5.987810809125324,-0.064,0.1356583833694458,5.999925494194031,False,0.15935259907612548,0.0,0.15935259907612548,23.673543716378028,14.773543716378015,0.8187574026142017,5,False
180,18.11000000000003,-1.6733760098013102,-6.863254047351719,2.643777317228787,5.992482734618217,0.128,0.10678400993347169,5.988942891359329,True,0.1761807845274619,0.1,0.07618078452746188,23.849724500905488,14.849724500905477,0.8249513803347323,5,False
181,18.210000000000047,-2.216898221779495,-6.611522828745347,2.8085530385282063,5.989372192217469,0.128,0.011941283941268921,5.452288001775742,False,0.14595164261876592,0.0,0.14595164261876592,23.995676143524253,14.995676143524243,0.8309232384494689,5,False
182,18.310000000000063,-2.753622097532565,-6.419586688393912,3.013778201089178,5.51848018215123,0.0,0.06840456128120423,5.368316680192947,True,0.15135442848087827,0.1,0.05135442848087826,24.147030572005132,15.047030572005122,0.8366391047887174,5,False
183,18.41000000000008,-3.2852567498066665,-6.307554491657265,3.1018429714292877,5.3865280289836335,0.064,-0.2486656665802002,4.733671233057976,False,0.1437994322723869,0.0,0.1437994322723869,24.29083000427752,15.190830004277508,0.841887417849424,5,False
184,18.510000000000094,-3.7886076632868,-6.265497405085008,3.214377225367125,4.819233272013828,-0.192,-0.14813967943191528,4.409423008561134,True,0.17960416414271846,0.1,0.07960416414271845,24.47043416842024,15.270434168420227,0.8466425455319868,5,False
185,18.61000000000011,-4.247717938402532,-6.239632226870715,3.019714358048748,4.4591234853641675,-0.128,-0.06289404630661011,4.2820263504981995,False,0.1718336291630282,0.0,0.1718336291630282,24.64226779758327,15.442267797583256,0.851212265745475,5,False
186,18.710000000000125,-4.6790801696519875,-6.1753869087277895,2.8592924346947566,4.303504124063784,-0.064,-0.0794741451740265,4.07571318000555,True,0.18166777249192884,0.1,0.08166777249192883,24.823935570075196,15.523935570075185,0.8556105361620616,5,False
187,18.81000000000014,-5.0823632105341465,-6.065972065511938,2.7703669763443,4.103338936461047,-0.064,0.08030335307121278,4.274973034858704,False,0.10845747835578715,0.0,0.10845747835578715,24.932393048430985,15.632393048430972,0.8599340486886401,5,False
188,18.910000000000156,-5.469042402268075,-5.919420472645221,2.731951873833894,4.169528170040482,0.064,0.0851737916469574,3.871694751083851,True,0.13672846386983864,0.1,0.036728463869838635,25.069121512300825,15.66912151230081,0.8641250916447542,5,False
189,19.010000000000172,-5.8437656214237155,-5.776925446298233,2.820142556665617,3.9078150346641345,0.064,0.04498447179794312,4.870626091957092,False,0.02083875061829854,0.0,0.02083875061829854,25.089960262919124,15.689960262919108,0.8684783741602701,5,False
190,19.110000000000188,-6.233804000785101,-5.654105736129154,2.8809272205018543,4.279114948603017,0.064,-0.19569131135940554,3.4201661720871925,True,0.1478871766717201,0.1,0.0478871766717201,25.237847439590844,15.737847439590828,0.8728373942295907,1,False
191,19.210000000000203,-6.609205073238999,-5.553205020271322,2.913379772035979,3.5551223732120683,-0.192,-0.25904307365417484,3.929794043302536,False,0.16058913783328502,0.0,0.16058913783328502,25.39843657742413,15.898436577424112,0.8759586855476942,1,False
192,19.31000000000022,-6.952687709877891,-5.4379626615755505,2.7230802455626977,3.699611323360881,-0.256,-0.35022826194763185,3.09745641797781,False,0.14219775739349294,0.0,0.14219775739349294,25.54063433481762,16.040634334817604,0.8789801896435704,1,False
193,19.410000000000235,-7.244240217269601,-5.268397698934919,2.3747605432455257,3.173641836570698,-0.32000000000000006,-0.35022826194763185,3.09745641797781,False,0.13777843650981475,0.0,0.13777843650981475,25.678412771327437,16.17841277132742,0.8811944448984508,1,False
194,19.51000000000025,-7.44375702703642,-5.029002255511211,2.0577472203272373,3.1066959416481152,-0.32000000000000006,-0.35022826194763185,3.09745641797781,False,0.13203492530017769,0.0,0.13203492530017769,25.810447696627616,16.310447696627598,0.8831563790097363,1,False
195,19.610000000000266,-7.553793758438788,-4.740305819508934,1.7646335404496538,3.098576957829541,-0.32000000000000006,-0.35022826194763185,3.09745641797781,False,0.12757017365060733,0.0,0.12757017365060733,25.938017870278223,16.438017870278205,0.887143251109516,1,False
196,19.71000000000028,-7.573458550934778,-4.432240621140237,1.4730754605337866,3.0975923134637813,-0.32000000000000006,-0.35022826194763185,3.09745641797781,False,0.1150608324636915,0.0,0.1150608324636915,26.053078702741914,16.553078702741896,0.890637174859016,1,False
197,19.810000000000297,-7.50329386781741,-4.131654805217026,1.1815211505357857,3.0974728989472986,-0.32000000000000006,-0.35022826194763185,3.09745641797781,False,0.08871329372750297,0.0,0.08871329372750297,26.141791996469415,16.641791996469397,0.892511897964576,1,False
198,19.910000000000313,-7.349624408245062,-3.8639626416045005,0.8899500220875372,3.097458416737028,-0.32000000000000006,-0.35022826194763185,3.09745641797781,False,0.05862279828670931,0.0,0.05862279828670931,26.200414794756124,16.700414794756107,0.8947460105355889,1,False
199,20.01000000000033,-7.125483004459228,-3.6517507401366953,0.5983750675417027,3.097456660380929,-0.32000000000000006,-0.35022826194763185,3.09745641797781,False,0.017117498779764775,0.0,0.017117498779764775,26.21753229353589,16.71753229353587,0.8962074881404354,1,False
200,20.110000000000344,-6.84979871135262,-3.5129292028958496,0.30679945176055123,3.0974564473756843,-0.32000000000000006,-0.35022826194763185,3.09745641797781,True,0.0,0.1,-0.1,26.21753229353589,16.61753229353587,0.8967729678029045,1,False
201,20.21000000000036,-6.545844551279042,-3.459215922745621,0.015223733590989663,3.0974564215430895,-0.32000000000000006,-0.39916150569915776,1.3796304762363434,False,0.0,0.0,0.0,26.21753229353589,16.61753229353587,0.8967729678029045,1,False
202,20.260000000000367,-6.282225014859386,-3.491479753163439,5.901433425465554,2.14645642154309,-0.3840000000000001,0.39173326492309574,1.000060647726059,False,-1,0.0,-1.0,25.21753229353589,15.61753229353587,0.8967729678029045,1,False
